5430.580  3.050  0.090
5432.570  2.970  0.050
5433.550  2.910  0.060
5436.560  2.920  0.050
5436.600  3.090  0.010
5437.550  2.930  0.040
5437.570  3.000  0.020
5439.580  2.870  0.080
5441.957  2.900  0.095
5443.945  3.075  0.101
5444.520  3.040  0.040
5445.480  2.980  0.030
5446.980  3.026  0.100
5447.500  3.140  0.010
5447.530  3.000  0.030
5447.969  3.014  0.099
5448.560  2.970  0.030
5450.580  3.120  0.030
5451.580  3.090  0.030
5452.958  3.037  0.100
5454.540  3.120  0.030
5454.900  3.026  0.100
5455.580  3.110  0.030
5455.888  3.064  0.101
5456.517  3.131  0.100
5456.570  3.120  0.040
5457.490  3.182  0.102
5457.520  3.120  0.040
5457.901  3.077  0.101
5458.505  3.281  0.105
5458.530  3.140  0.040
5458.957  3.085  0.101
5459.521  3.144  0.100
5459.530  3.190  0.030
5460.500  3.320  0.010
5460.560  3.250  0.040
5461.520  3.430  0.020
5462.530  3.310  0.050
5463.440  3.430  0.010
5463.530  3.320  0.060
5464.520  3.420  0.050
5465.460  3.200  0.030
5465.570  3.310  0.070
5466.896  3.481  0.115
5468.580  3.450  0.100
5470.540  3.730  0.010
5470.971  3.910  0.129
5471.450  3.870  0.010
5471.923  3.779  0.124
5472.967  4.012  0.132
5473.550  3.910  0.010
5476.917  3.955  0.130
5477.905  3.782  0.124
5479.510  4.020  0.010
5479.896  3.964  0.130
5480.882  3.820  0.126
5481.924  4.240  0.139
5482.520  4.010  0.010
5482.540  3.921  0.125
5482.560  4.110  0.040
5482.912  3.966  0.130
5483.520  4.190  0.010
5483.528  4.128  0.132
5483.590  4.150  0.040
5483.887  4.064  0.134
5484.470  4.120  0.120
5484.490  4.010  0.010
5485.490  4.190  0.050
5485.510  4.000  0.010
5485.946  4.141  0.136
5486.350  4.220  0.010
5486.897  4.135  0.136
5487.922  4.278  0.141
5488.510  4.150  0.010
5488.925  4.138  0.136
5489.480  4.090  0.010
5490.490  4.180  0.050
5492.460  4.150  0.060
5493.490  4.110  0.090
5494.550  3.960  0.080
5495.530  4.060  0.160
5496.890  3.940  0.130
5497.480  4.140  0.020
5497.882  3.815  0.126
5499.869  3.826  0.126
5500.540  3.980  0.040
5500.887  3.766  0.124
5501.450  3.950  0.050
5501.487  3.920  0.125
5501.887  3.944  0.130
5502.500  4.020  0.040
5502.908  3.789  0.125
5503.500  3.880  0.040
5503.560  3.900  0.010
5503.908  4.086  0.134
5504.360  3.950  0.010
5504.410  3.890  0.030
5504.915  3.655  0.120
5505.340  3.850  0.010
5505.500  3.800  0.040
5505.892  3.674  0.121
5506.460  3.760  0.040
5506.550  3.770  0.010
5506.888  3.555  0.117
5507.380  3.810  0.010
5507.490  3.780  0.030
5507.895  3.728  0.123
5508.300  3.600  0.010
5508.420  3.780  0.040
5508.526  3.694  0.118
5508.897  3.684  0.121
5509.450  3.750  0.010
5509.505  3.766  0.120
5509.510  3.740  0.040
5510.490  3.670  0.040
5510.864  3.792  0.125
5511.480  3.660  0.040
5511.861  3.710  0.122
5512.450  3.670  0.040
5512.837  3.400  0.112
5513.440  3.670  0.010
5513.841  3.629  0.119
5514.410  3.770  0.010
5514.450  3.690  0.040
5514.835  3.818  0.126
5515.370  3.690  0.010
5515.425  3.697  0.118
5515.470  3.630  0.040
5515.844  3.744  0.123
5516.330  3.550  0.010
5516.440  3.660  0.040
5516.497  3.463  0.110
5516.843  3.677  0.121
5517.460  3.680  0.040
5517.490  3.729  0.119
5517.847  3.600  0.118
5518.450  3.570  0.060
5518.507  3.521  0.112
5519.470  3.430  0.120
5519.530  3.680  0.020
5519.858  3.747  0.123
5520.450  3.530  0.070
5525.530  3.500  0.020
5525.905  3.668  0.121
5526.350  3.280  0.010
5526.527  3.249  0.104
5526.833  3.570  0.117
5527.450  3.460  0.010
5527.854  3.594  0.118
5528.260  3.330  0.010
5528.848  3.432  0.113
5529.846  3.484  0.115
5530.310  3.380  0.010
5530.843  3.603  0.119
5531.290  3.290  0.010
5531.843  3.303  0.109
5532.320  3.350  0.010
5532.836  3.207  0.106
5533.850  3.195  0.105
5534.280  3.310  0.010
5535.280  3.260  0.010
5535.410  3.210  0.040
5535.825  3.118  0.103
5536.843  3.118  0.103
5537.440  3.190  0.010
5537.838  3.068  0.101
5538.410  3.160  0.030
5538.838  3.078  0.101
5539.366  3.179  0.101
5539.390  3.120  0.030
5539.832  3.038  0.100
5540.842  3.051  0.100
5541.260  3.130  0.010
5541.830  3.056  0.101
5542.869  3.189  0.105
5543.380  3.100  0.040
5543.827  3.106  0.102
5544.805  3.112  0.102
5545.340  3.200  0.010
5545.822  3.045  0.100
5546.841  3.309  0.109
5549.400  3.040  0.090
5549.793  3.158  0.104
5553.410  3.240  0.060
5554.380  3.150  0.040
5555.300  3.110  0.070
5557.796  3.408  0.112
5559.789  3.354  0.110
5566.370  3.700  0.030
5567.310  3.760  0.030
5568.350  3.750  0.030
5569.322  3.736  0.119
