5441.957  3.368  0.075
5443.945  3.502  0.078
5446.980  3.438  0.077
5447.969  3.373  0.075
5452.958  3.308  0.074
5454.900  3.309  0.074
5455.888  3.375  0.075
5456.517  3.319  0.147
5457.490  3.395  0.150
5457.901  3.418  0.076
5458.505  3.597  0.159
5458.957  3.388  0.076
5459.521  3.442  0.152
5466.896  3.609  0.081
5470.971  3.557  0.080
5471.923  3.496  0.078
5472.967  3.599  0.081
5476.917  3.507  0.078
5477.905  3.410  0.076
5479.896  3.541  0.079
5480.882  3.463  0.077
5481.924  3.785  0.085
5482.540  3.580  0.158
5482.912  3.560  0.080
5483.528  3.581  0.158
5483.887  3.541  0.079
5485.946  3.684  0.082
5486.897  3.656  0.082
5487.922  3.715  0.083
5488.925  3.706  0.083
5496.890  3.832  0.086
5497.882  3.737  0.084
5499.869  3.818  0.085
5500.887  3.717  0.083
5501.487  3.859  0.171
5501.887  3.845  0.086
5502.908  3.797  0.085
5503.908  3.932  0.088
5504.915  3.768  0.084
5505.892  3.700  0.083
5506.888  3.798  0.085
5507.895  3.891  0.087
5508.526  4.113  0.182
5508.897  3.962  0.089
5509.505  4.078  0.180
5510.864  4.131  0.092
5511.861  4.014  0.090
5512.837  3.883  0.087
5513.841  4.027  0.090
5514.835  4.100  0.092
5515.425  3.988  0.176
5515.844  4.105  0.092
5516.497  3.821  0.169
5516.843  4.033  0.090
5517.490  4.065  0.180
5517.847  3.998  0.089
5518.507  3.824  0.169
5519.858  4.167  0.093
5525.905  4.115  0.092
5526.527  3.817  0.169
5526.833  4.222  0.094
5527.854  4.190  0.094
5528.848  3.960  0.089
5529.846  4.070  0.091
5530.843  4.112  0.092
5531.843  3.869  0.087
5532.836  3.777  0.084
5533.850  3.813  0.085
5535.825  3.823  0.086
5536.843  3.730  0.083
5537.838  3.790  0.085
5538.838  3.809  0.085
5539.366  4.074  0.180
5539.832  3.812  0.085
5540.842  3.789  0.085
5541.830  3.769  0.084
5542.869  3.751  0.084
5543.827  3.748  0.084
5544.805  3.692  0.083
5545.822  3.693  0.083
5546.841  3.898  0.087
5549.793  3.695  0.083
5557.796  3.698  0.083
5559.789  3.543  0.079
5569.322  3.397  0.150
