5430.48  1.780  0.020
5431.48  1.780  0.030
5432.48  1.770  0.030
5433.41  1.850  0.020
5433.43  1.780  0.040
5437.47  1.730  0.030
5438.42  1.790  0.050
5439.46  1.770  0.050
5440.45  1.770  0.030
5440.46  1.770  0.010
5440.95  1.736  0.048
5441.91  1.752  0.048
5442.29  1.840  0.010
5442.90  1.776  0.049
5443.36  1.760  0.010
5443.38  1.790  0.020
5443.51  1.725  0.036
5444.31  1.750  0.010
5444.38  1.770  0.020
5444.46  1.702  0.035
5444.89  1.726  0.048
5445.39  1.760  0.020
5446.52  1.710  0.010
5446.93  1.744  0.048
5447.33  1.750  0.010
5447.49  1.780  0.020
5448.33  1.730  0.010
5448.46  1.750  0.020
5449.33  1.720  0.010
5449.54  1.750  0.020
5449.90  1.803  0.050
5450.29  1.710  0.010
5450.44  1.730  0.020
5450.90  1.793  0.049
5451.45  1.675  0.035
5451.50  1.750  0.020
5451.84  1.712  0.047
5452.44  1.710  0.020
5452.44  1.683  0.035
5453.53  1.700  0.030
5453.89  1.731  0.048
5454.31  1.670  0.010
5454.39  1.699  0.035
5454.43  1.700  0.020
5454.84  1.666  0.046
5455.41  1.670  0.010
5455.83  1.658  0.046
5456.37  1.635  0.034
5456.43  1.690  0.020
5457.38  1.667  0.034
5457.44  1.690  0.020
5457.84  1.637  0.045
5458.30  1.660  0.010
5458.47  1.640  0.020
5458.47  1.615  0.033
5458.90  1.661  0.046
5459.29  1.630  0.010
5459.41  1.710  0.040
5460.34  1.630  0.010
5462.36  1.480  0.050
5465.45  1.610  0.040
5466.27  1.520  0.020
5466.44  1.600  0.040
5467.27  1.540  0.010
5468.38  1.514  0.031
5468.44  1.570  0.020
5468.49  1.540  0.010
5468.87  1.616  0.045
5469.31  1.520  0.010
5469.89  1.538  0.042
5470.38  1.500  0.010
5471.38  1.510  0.010
5471.49  1.530  0.020
5472.27  1.500  0.010
5473.30  1.490  0.010
5474.44  1.490  0.010
5475.39  1.500  0.020
5476.28  1.480  0.010
5476.86  1.474  0.041
5477.31  1.440  0.010
5477.83  1.430  0.039
5478.22  1.410  0.010
5479.32  1.440  0.010
5479.84  1.429  0.039
5481.23  1.440  0.010
5481.87  1.437  0.040
5482.29  1.430  0.010
5482.40  1.490  0.010
5482.42  1.434  0.030
5482.85  1.420  0.039
5483.43  1.430  0.020
5483.48  1.440  0.010
5483.49  1.464  0.030
5483.85  1.389  0.038
5484.31  1.430  0.010
5484.36  1.520  0.040
5485.31  1.450  0.010
5485.39  1.470  0.020
5486.29  1.430  0.010
5486.84  1.451  0.040
5488.50  1.440  0.010
5489.29  1.370  0.010
5492.41  1.460  0.040
5493.20  1.420  0.020
5493.37  1.470  0.030
5494.42  1.510  0.030
5495.23  1.430  0.010
5495.48  1.490  0.060
5497.37  1.420  0.010
5497.83  1.430  0.039
5498.25  1.420  0.010
5498.36  1.460  0.030
5498.83  1.445  0.040
5499.81  1.450  0.040
5500.35  1.460  0.010
5500.83  1.486  0.041
5501.29  1.440  0.010
5501.43  1.488  0.031
5501.83  1.438  0.040
5502.22  1.440  0.010
5502.33  1.480  0.010
5502.85  1.480  0.041
5503.26  1.460  0.010
5503.34  1.460  0.020
5503.85  1.429  0.039
5504.25  1.460  0.010
5504.27  1.440  0.020
5504.85  1.414  0.039
5505.23  1.430  0.010
5505.35  1.430  0.010
5505.83  1.406  0.039
5506.30  1.420  0.010
5506.32  1.440  0.020
5506.83  1.435  0.040
5507.33  1.410  0.010
5507.35  1.390  0.010
5507.83  1.378  0.038
5508.29  1.420  0.010
5508.34  1.420  0.010
5508.39  1.387  0.029
5508.82  1.429  0.039
5509.36  1.410  0.020
5509.36  1.386  0.029
5509.38  1.390  0.010
5510.81  1.397  0.039
5511.21  1.360  0.010
5511.32  1.380  0.020
5511.80  1.360  0.038
5512.33  1.380  0.020
5512.75  1.315  0.036
5513.40  1.360  0.010
5513.78  1.424  0.039
5514.30  1.350  0.020
5514.41  1.360  0.010
5514.78  1.400  0.039
5515.33  1.300  0.020
5515.33  1.335  0.028
5515.35  1.250  0.010
5515.79  1.367  0.038
5516.34  1.340  0.020
5517.34  1.350  0.050
5520.34  1.280  0.030
5523.23  1.260  0.010
5524.39  1.300  0.010
5525.34  1.270  0.010
5526.29  1.260  0.010
5526.79  1.256  0.035
5527.26  1.260  0.010
5527.78  1.341  0.037
5528.25  1.270  0.010
5528.79  1.402  0.039
5529.77  1.307  0.036
5530.78  1.258  0.035
5531.22  1.250  0.010
5531.77  1.279  0.035
5532.36  1.250  0.010
5532.77  1.248  0.034
5533.73  1.309  0.036
5534.25  1.270  0.020
5534.27  1.260  0.010
5535.30  1.270  0.010
5535.75  1.320  0.036
5536.73  1.281  0.035
5537.37  1.270  0.010
5537.67  1.266  0.035
5538.18  1.320  0.010
5538.29  1.260  0.010
5538.32  1.323  0.027
5538.71  1.288  0.036
5539.30  1.280  0.010
5539.31  1.307  0.027
5539.67  1.261  0.035
5540.72  1.310  0.036
5541.25  1.290  0.010
5541.71  1.351  0.037
5542.70  1.341  0.037
5543.70  1.404  0.039
5546.68  1.430  0.039
5549.67  1.479  0.041
5550.67  1.437  0.040
5553.31  1.350  0.030
5554.32  1.390  0.030
5555.26  1.390  0.030
5556.67  1.398  0.039
5559.67  1.398  0.039
5568.21  1.415  0.029
5568.27  1.390  0.010
