5440.934  2.453  0.067
5441.893  2.546  0.070
5442.873  2.537  0.070
5443.516  2.404  0.079
5444.465  2.459  0.080
5444.870  2.517  0.069
5446.904  2.508  0.069
5449.879  2.583  0.071
5450.873  2.522  0.069
5451.458  2.452  0.080
5451.810  2.570  0.070
5452.442  2.520  0.082
5453.867  2.523  0.069
5454.398  2.414  0.079
5454.813  2.447  0.067
5455.804  2.459  0.067
5456.373  2.448  0.080
5457.385  2.465  0.081
5457.815  2.375  0.065
5458.475  2.447  0.080
5458.871  2.414  0.066
5468.384  2.305  0.075
5468.874  2.495  0.068
5469.857  2.448  0.067
5476.828  2.483  0.068
5477.801  2.294  0.063
5479.808  2.235  0.061
5481.837  2.319  0.064
5482.424  2.248  0.074
5482.825  2.181  0.060
5483.491  2.096  0.069
5483.816  2.216  0.061
5486.810  2.260  0.062
5497.794  2.091  0.057
5498.800  2.187  0.060
5499.782  2.057  0.056
5500.800  2.219  0.061
5501.431  2.150  0.070
5501.787  2.064  0.057
5502.827  2.069  0.057
5503.816  2.047  0.056
5504.825  2.072  0.057
5505.803  2.108  0.058
5506.797  2.091  0.057
5507.803  2.064  0.057
5508.396  2.129  0.070
5508.790  2.057  0.056
5509.367  2.118  0.069
5510.772  2.019  0.055
5511.773  2.010  0.055
5512.750  2.077  0.057
5513.750  2.098  0.057
5514.747  2.202  0.060
5515.331  2.152  0.070
5515.753  2.113  0.058
5526.742  1.877  0.051
5527.771  1.938  0.053
5528.741  1.963  0.054
5529.757  1.919  0.053
5530.738  1.942  0.053
5531.732  1.940  0.053
5532.743  1.909  0.052
5533.696  2.011  0.055
5535.715  1.835  0.050
5536.700  1.980  0.054
5537.646  1.925  0.053
5538.327  1.885  0.062
5538.680  1.892  0.052
5539.312  1.979  0.065
5539.675  1.866  0.051
5540.692  1.931  0.053
5541.674  1.983  0.054
5542.665  1.872  0.051
5543.670  1.791  0.049
5546.644  1.954  0.054
5549.701  1.950  0.053
5550.705  1.893  0.052
5556.634  1.873  0.051
5559.655  1.873  0.051
5568.214  1.989  0.065
