5440.908  5.323  0.084
5441.869  5.496  0.086
5442.838  5.296  0.083
5444.840  5.287  0.083
5445.853  5.217  0.082
5447.924  5.264  0.083
5449.974  5.565  0.087
5451.769  5.470  0.086
5453.838  5.458  0.086
5454.786  5.441  0.085
5456.893  5.362  0.084
5457.770  5.509  0.086
5458.844  5.324  0.084
5466.850  5.122  0.080
5467.895  5.200  0.082
5468.846  4.976  0.078
5469.827  5.062  0.079
5470.913  5.087  0.080
5472.906  5.042  0.079
5473.848  4.979  0.078
5476.795  5.218  0.082
5477.770  5.081  0.080
5478.905  5.037  0.079
5479.759  5.063  0.079
5480.828  5.069  0.080
5481.809  5.075  0.080
5482.786  5.235  0.082
5483.779  5.097  0.080
5486.777  5.261  0.083
5488.789  5.243  0.082
5497.755  5.278  0.083
5498.767  5.307  0.083
5499.751  5.323  0.084
5500.767  5.386  0.085
5501.757  5.258  0.083
5502.784  5.257  0.083
5503.766  5.324  0.084
5504.795  5.300  0.083
5505.768  5.353  0.084
5506.763  5.403  0.085
5507.779  5.385  0.085
5508.766  5.397  0.085
5509.404  5.667  0.092
5510.734  5.662  0.089
5513.718  5.485  0.086
5514.716  5.678  0.089
5515.364  5.845  0.095
5515.722  5.776  0.091
5516.721  5.907  0.093
5517.384  5.749  0.094
5517.714  5.933  0.093
5518.412  5.668  0.092
5518.711  5.735  0.090
5519.715  6.090  0.096
5520.727  6.036  0.095
5521.734  6.244  0.098
5525.703  6.303  0.099
5526.707  6.515  0.102
5527.742  6.552  0.103
5528.713  6.528  0.102
5529.727  6.640  0.104
5530.713  6.691  0.105
5531.708  6.545  0.103
5532.720  6.610  0.104
5533.779  6.620  0.104
5536.782  6.387  0.100
5537.343  6.411  0.105
5537.760  6.377  0.100
5538.767  6.205  0.097
5539.284  6.565  0.107
5539.762  6.389  0.100
5540.763  6.286  0.099
5541.764  6.195  0.097
5542.755  6.372  0.100
5543.759  6.136  0.096
5544.724  6.266  0.098
5545.732  6.177  0.097
5546.734  6.292  0.099
5549.606  6.203  0.097
5550.671  6.252  0.098
5555.713  6.306  0.099
5556.720  6.434  0.101
5557.716  6.512  0.102
5559.711  6.497  0.102
5568.247  6.578  0.107
