5431.450  6.010  0.070
5436.450  5.980  0.090
5438.460  6.040  0.080
5440.908  6.478  0.091
5441.869  6.196  0.087
5442.838  6.142  0.087
5444.840  6.244  0.088
5445.853  6.246  0.088
5447.924  6.249  0.088
5449.974  6.213  0.088
5450.470  5.980  0.040
5451.769  6.065  0.086
5452.470  5.770  0.110
5453.838  6.025  0.085
5454.450  5.840  0.050
5454.786  5.935  0.084
5455.440  5.840  0.050
5456.460  5.880  0.050
5456.893  5.899  0.083
5457.770  5.952  0.084
5458.844  5.994  0.085
5459.440  5.790  0.080
5463.360  5.860  0.120
5466.850  6.106  0.086
5467.895  5.999  0.085
5468.846  5.958  0.084
5469.827  6.102  0.086
5470.913  6.286  0.089
5472.906  6.272  0.088
5473.848  6.234  0.088
5476.795  6.445  0.091
5477.770  6.388  0.090
5478.905  6.450  0.091
5479.759  6.414  0.090
5480.828  6.487  0.091
5481.809  6.537  0.092
5482.786  6.555  0.092
5483.779  6.482  0.091
5486.777  6.640  0.094
5488.789  6.658  0.094
5497.755  6.922  0.098
5498.767  6.823  0.096
5499.751  6.774  0.096
5500.767  6.929  0.098
5501.757  7.226  0.102
5502.784  7.273  0.103
5503.766  7.440  0.105
5504.370  7.680  0.060
5504.795  7.625  0.108
5505.768  7.710  0.109
5506.763  7.740  0.109
5507.779  7.895  0.111
5508.766  7.944  0.112
5509.404  8.229  0.095
5510.734  8.038  0.113
5511.270  7.980  0.020
5513.300  8.750  0.020
5513.718  8.735  0.123
5514.280  8.790  0.020
5514.716  8.825  0.124
5515.360  8.970  0.030
5515.364  8.951  0.104
5515.722  9.043  0.128
5516.250  8.730  0.080
5516.721  8.931  0.126
5517.310  8.940  0.110
5517.384  8.944  0.104
5517.714  8.931  0.126
5518.280  8.700  0.130
5518.412  8.638  0.100
5518.711  8.644  0.122
5519.715  8.747  0.123
5520.727  8.790  0.124
5521.170  8.560  0.030
5521.734  8.715  0.123
5523.230  8.280  0.030
5523.290  8.360  0.100
5524.390  8.530  0.030
5525.280  8.130  0.140
5525.320  8.170  0.020
5525.703  8.168  0.115
5526.290  8.010  0.020
5526.707  8.161  0.115
5527.240  7.960  0.020
5527.742  8.020  0.113
5528.250  7.970  0.020
5528.713  8.081  0.114
5529.340  8.230  0.020
5529.727  7.936  0.112
5530.713  8.072  0.114
5531.708  7.691  0.108
5532.240  7.570  0.020
5532.720  7.621  0.107
5533.779  7.750  0.109
5534.270  7.400  0.020
5535.260  7.570  0.020
5535.330  7.650  0.050
5536.782  7.564  0.107
5537.343  7.747  0.090
5537.360  7.620  0.020
5537.760  7.560  0.107
5538.180  7.440  0.020
5538.270  7.660  0.060
5538.767  7.614  0.107
5539.280  7.780  0.060
5539.284  7.624  0.088
5539.762  7.724  0.109
5540.763  7.763  0.109
5541.220  7.420  0.020
5541.764  7.721  0.109
5542.755  8.013  0.113
5543.759  8.013  0.113
5544.724  7.982  0.113
5545.310  8.230  0.030
5545.732  8.190  0.115
5546.734  8.413  0.119
5549.240  8.230  0.230
5549.606  8.113  0.114
5550.671  8.375  0.118
5553.260  8.250  0.080
5554.280  8.390  0.060
5555.713  8.464  0.119
5556.230  8.340  0.080
5556.720  8.279  0.117
5557.716  8.334  0.118
5559.711  8.526  0.120
5568.240  8.420  0.070
5568.247  8.614  0.100
5569.240  8.430  0.060
