5442.003  6.213  0.096
5442.959  6.129  0.094
5443.558  6.389  0.229
5444.960  6.144  0.095
5450.504  6.210  0.223
5450.962  6.017  0.093
5451.498  6.118  0.219
5453.979  6.040  0.093
5454.974  5.829  0.090
5455.977  5.936  0.091
5456.408  6.025  0.216
5456.968  5.991  0.092
5457.412  6.060  0.217
5457.967  5.886  0.091
5458.544  6.028  0.216
5459.484  6.081  0.218
5463.946  6.042  0.093
5466.960  6.084  0.094
5467.973  5.949  0.092
5468.429  6.178  0.222
5468.988  5.941  0.091
5471.986  6.088  0.094
5476.973  6.283  0.097
5477.970  6.425  0.099
5478.960  6.277  0.097
5479.959  6.359  0.098
5480.945  6.275  0.097
5481.979  6.163  0.095
5482.502  6.245  0.224
5482.979  6.310  0.097
5483.568  6.469  0.232
5486.979  6.518  0.100
5487.983  6.392  0.098
5488.965  6.726  0.104
5493.996  6.556  0.101
5496.954  6.657  0.103
5497.947  6.959  0.107
5498.949  6.959  0.107
5499.931  6.894  0.106
5500.499  6.693  0.240
5500.957  7.135  0.110
5501.556  7.130  0.256
5501.955  7.021  0.108
5502.976  7.182  0.111
5503.972  7.088  0.109
5504.981  7.226  0.111
5505.957  7.127  0.110
5506.951  7.365  0.113
5507.959  7.331  0.113
5508.589  7.502  0.269
5508.960  7.236  0.111
5509.568  7.399  0.265
5510.931  7.349  0.113
5511.923  7.297  0.112
5512.898  7.167  0.110
5513.902  7.380  0.114
5514.897  7.429  0.114
5515.571  7.348  0.264
5515.908  7.286  0.112
5516.539  7.489  0.269
5516.909  7.423  0.114
5517.543  7.503  0.269
5517.913  7.350  0.113
5518.564  7.548  0.271
5518.900  7.287  0.112
5519.919  7.366  0.113
5523.907  7.241  0.112
5526.592  7.480  0.268
5526.896  7.428  0.114
5527.918  7.304  0.112
5528.910  7.038  0.108
5529.915  7.305  0.112
5530.902  7.175  0.110
5531.907  7.358  0.113
5532.898  7.431  0.114
5533.913  7.248  0.112
5535.888  7.469  0.115
5536.910  7.534  0.116
5537.909  7.829  0.121
5538.478  7.488  0.269
5538.898  8.056  0.124
5539.467  7.455  0.267
5539.894  7.989  0.123
5540.904  7.887  0.121
5541.896  7.859  0.121
5542.890  8.040  0.124
5543.894  8.074  0.124
5544.868  8.100  0.125
5545.890  7.959  0.123
5546.946  8.117  0.125
5549.869  8.156  0.126
5550.836  8.114  0.125
5555.816  7.937  0.122
5556.859  8.001  0.123
5559.867  8.011  0.123
