5430.548  7.930  0.070
5431.526  7.830  0.090
5432.517  7.850  0.110
5433.491  7.800  0.130
5435.574  7.650  0.020
5436.482  7.610  0.100
5436.586  7.530  0.020
5437.487  7.500  0.090
5437.570  7.470  0.020
5440.570  7.480  0.020
5442.003  7.227  0.056
5442.959  7.199  0.056
5443.412  7.180  0.070
5443.539  7.020  0.020
5443.558  7.082  0.125
5444.407  7.120  0.070
5444.960  7.072  0.055
5446.527  7.150  0.010
5447.555  7.000  0.010
5447.579  6.970  0.070
5449.571  7.160  0.100
5450.504  6.988  0.124
5450.544  7.070  0.060
5450.962  6.997  0.055
5451.498  7.161  0.127
5453.980  7.169  0.056
5454.509  7.080  0.080
5454.975  7.179  0.056
5455.553  7.180  0.080
5455.978  7.250  0.057
5456.408  7.012  0.124
5456.543  7.400  0.080
5456.968  7.316  0.057
5457.412  7.169  0.127
5457.459  7.420  0.080
5457.968  7.379  0.058
5458.501  7.480  0.080
5458.544  7.472  0.132
5459.484  7.434  0.132
5459.506  7.550  0.090
5460.511  7.690  0.120
5460.512  7.530  0.020
5461.492  7.440  0.020
5462.590  7.720  0.080
5463.461  7.370  0.020
5463.492  7.740  0.110
5463.946  7.840  0.061
5464.442  7.870  0.100
5465.457  7.680  0.030
5465.607  7.800  0.140
5466.961  7.847  0.061
5467.484  7.760  0.020
5467.974  7.924  0.062
5468.429  7.728  0.137
5468.539  7.910  0.020
5468.988  7.784  0.061
5469.496  7.870  0.020
5470.523  7.820  0.020
5471.492  7.780  0.010
5471.987  8.037  0.063
5473.566  8.010  0.010
5474.453  8.230  0.010
5476.973  8.194  0.064
5477.971  8.140  0.063
5478.960  8.304  0.065
5479.484  8.390  0.010
5479.960  8.304  0.065
5480.945  8.464  0.066
5481.980  8.496  0.066
5482.480  8.510  0.020
5482.502  8.478  0.150
5482.594  8.290  0.080
5482.979  8.466  0.066
5483.504  8.360  0.010
5483.568  8.604  0.152
5483.617  8.410  0.090
5484.469  8.420  0.010
5485.418  8.520  0.010
5486.469  8.450  0.010
5486.979  8.580  0.067
5487.983  8.716  0.068
5488.516  8.590  0.010
5488.965  8.865  0.069
5489.461  8.700  0.020
5490.426  8.820  0.020
5492.531  9.130  0.100
5493.529  9.400  0.130
5493.997  9.358  0.073
5494.575  9.230  0.110
5495.573  9.270  0.150
5496.954  9.466  0.074
5497.512  9.380  0.020
5497.947  9.504  0.074
5498.950  9.547  0.074
5499.932  9.685  0.076
5500.499  9.855  0.174
5500.587  9.710  0.110
5500.958  9.743  0.076
5501.534  9.610  0.120
5501.556  9.716  0.172
5501.955  9.753  0.076
5502.555  9.680  0.090
5502.976  9.703  0.076
5503.539  9.690  0.020
5503.563  9.700  0.140
5503.973  9.767  0.076
5504.391  9.700  0.020
5504.552  9.680  0.130
5504.981  9.690  0.076
5505.352  9.640  0.020
5505.546  9.650  0.090
5505.957  9.687  0.076
5506.484  9.890  0.090
5506.500  9.680  0.020
5506.951  9.720  0.076
5507.383  9.650  0.020
5507.540  9.700  0.090
5507.959  9.738  0.076
5508.553  9.710  0.100
5508.589  9.486  0.168
5508.960  9.659  0.075
5509.430  9.620  0.020
5509.540  9.540  0.090
5509.568  9.725  0.172
5510.542  9.490  0.070
5510.931  9.570  0.075
5511.530  9.430  0.100
5511.923  9.366  0.073
5512.899  9.305  0.073
5513.473  9.290  0.020	
5513.902  9.239  0.072	
5514.422  9.280  0.020	
5514.471  9.430  0.080	
5514.897  9.212  0.072	
5515.359  9.230  0.020	
5515.555  9.380  0.090	
5515.571  9.163  0.162	
5515.908  9.218  0.072	
5516.344  9.310  0.020	
5516.516  9.230  0.100	
5516.539  9.397  0.166	
5516.910  9.191  0.072	
5517.543  9.011  0.160	
5517.545  9.170  0.080	
5517.913  9.123  0.071	
5518.542  9.080  0.100	
5518.564  9.429  0.167	
5518.900  9.201  0.072	
5519.484  9.280  0.020	
5519.919  9.217  0.072	
5520.501  9.100  0.110	
5521.492  9.320  0.020	
5523.908  9.436  0.074	
5524.406  9.520  0.030	
5525.445  9.340  0.020	
5526.340  9.360  0.020	
5526.592  9.636  0.171	
5526.896  9.571  0.075	
5527.410  9.470  0.020	
5527.918  9.635  0.075	
5528.911  9.739  0.076	
5529.915  9.782  0.076	
5530.324  9.980  0.020	
5530.903  9.908  0.077	
5531.297  9.850  0.020	
5531.908  10.040  0.078
5532.441  9.980  0.020	
5532.898  10.020  0.078
5533.914  10.070  0.079
5534.320  10.130  0.020
5534.507  10.170  0.090
5535.526  10.150  0.070
5535.888  10.110  0.079
5536.911  10.300  0.080
5537.465  10.230  0.020
5537.909  10.250  0.080
5538.478  10.269  0.182
5538.503  10.290  0.100
5538.898  10.230  0.080
5539.467  10.537  0.187
5539.513  10.230  0.100
5539.895  10.230  0.080
5540.905  10.270  0.080
5541.896  10.310  0.080
5542.891  10.410  0.081
5543.446  10.530  0.100
5543.895  10.440  0.081
5544.869  10.420  0.081
5545.328  10.660  0.020
5545.890  10.570  0.082
5546.946  10.580  0.083
5549.492  10.830  0.140
5549.869  10.730  0.084
5550.476  10.840  0.120
5550.856  10.890  0.085
5553.448  10.700  0.160
5554.432  11.040  0.110
5555.324  11.620  0.290
5555.837  11.130  0.087
5556.859  10.940  0.085
5559.868  10.890  0.085
5566.428  11.040  0.090
5567.466  11.100  0.080
5569.399  10.910  0.100
