5430.38  3.560  0.050
5431.38  3.670  0.060
5432.38  3.550  0.070
5433.32  3.560  0.070
5433.36  3.380  0.030
5434.37  3.520  0.060
5435.39  3.510  0.040
5435.41  3.480  0.010
5436.32  3.470  0.010
5436.36  3.490  0.050
5437.33  3.460  0.010
5437.37  3.500  0.040
5438.30  3.440  0.040
5438.38  3.460  0.010
5439.27  3.420  0.010
5439.41  3.370  0.050
5440.35  3.440  0.010
5440.36  3.380  0.030
5441.40  3.440  0.010
5441.73  3.455  0.039
5442.27  3.460  0.010
5442.71  3.447  0.039
5443.32  3.430  0.030
5443.34  3.430  0.010
5443.43  3.448  0.075
5443.76  3.459  0.039
5444.27  3.440  0.010
5444.32  3.470  0.030
5444.38  3.351  0.073
5444.71  3.455  0.039
5445.26  3.410  0.030
5445.73  3.453  0.039
5446.41  3.450  0.010
5446.73  3.482  0.039
5447.36  3.450  0.030
5447.49  3.440  0.010
5447.65  3.445  0.039
5448.31  3.430  0.010
5448.34  3.450  0.030
5449.28  3.400  0.010
5449.34  3.420  0.030
5449.71  3.374  0.038
5450.27  3.350  0.010
5450.33  3.350  0.020
5450.71  3.322  0.038
5451.36  3.340  0.072
5451.39  3.350  0.030
5451.64  3.358  0.038
5452.29  3.330  0.010
5452.34  3.265  0.071
5452.35  3.330  0.020
5453.36  3.270  0.030
5453.70  3.322  0.038
5454.26  3.300  0.010
5454.32  3.280  0.030
5454.34  3.258  0.071
5454.64  3.312  0.037
5455.32  3.310  0.030
5456.28  3.251  0.071
5456.33  3.310  0.030
5456.69  3.281  0.037
5457.27  3.290  0.030
5457.29  3.228  0.070
5457.64  3.295  0.037
5458.30  3.340  0.060
5458.30  3.190  0.010
5459.32  3.320  0.090
5460.35  3.430  0.110
5462.27  3.210  0.050
5463.29  3.310  0.060
5463.33  3.140  0.020
5464.28  3.270  0.040
5465.27  3.160  0.040
5465.32  3.150  0.010
5466.25  3.190  0.010
5467.35  3.210  0.010
5468.27  3.185  0.069
5468.32  3.280  0.020
5468.34  3.240  0.010
5469.32  3.300  0.010
5470.33  3.320  0.010
5470.71  3.252  0.037
5471.30  3.350  0.030
5471.41  3.340  0.010
5472.42  3.360  0.010
5472.77  3.322  0.038
5473.23  3.360  0.010
5473.66  3.333  0.038
5474.42  3.300  0.010
5474.70  3.335  0.038
5475.25  3.340  0.020
5476.20  3.320  0.010
5477.35  3.310  0.010
5477.64  3.292  0.037
5478.64  3.295  0.037
5479.40  3.310  0.010
5480.63  3.275  0.037
5481.18  3.330  0.010
5481.62  3.276  0.037
5482.28  3.330  0.030
5482.32  3.187  0.069
5482.32  3.310  0.010
5482.62  3.343  0.038
5483.29  3.280  0.010
5483.30  3.320  0.030
5483.37  3.348  0.073
5484.27  3.300  0.030
5484.29  3.290  0.010
5485.30  3.300  0.010
5486.25  3.310  0.040
5486.30  3.200  0.010
5488.27  3.040  0.020
5488.62  3.217  0.036
5489.39  3.100  0.020
5490.29  3.130  0.020
5491.27  3.230  0.010
5492.16  3.160  0.020
5492.24  3.180  0.040
5493.17  3.180  0.010
5493.27  3.260  0.050
5493.61  3.204  0.036
5494.21  3.200  0.040
5495.17  3.140  0.010
5496.17  3.140  0.010
5496.60  3.082  0.035
5497.27  3.110  0.010
5497.60  3.106  0.035
5498.23  3.100  0.010
5498.25  3.090  0.020
5498.61  3.080  0.035
5499.25  3.090  0.030
5499.60  3.035  0.034
5500.26  3.070  0.020
5500.29  3.052  0.066
5500.61  3.013  0.034
5501.30  2.999  0.065
5501.60  2.945  0.033
5502.19  2.970  0.010
5502.25  2.990  0.020
5502.62  2.950  0.033
5503.22  2.920  0.010
5503.27  2.960  0.040
5503.61  2.884  0.033
5504.25  2.870  0.010
5504.31  2.850  0.030
5504.62  2.873  0.032
5505.28  2.830  0.020
5505.31  2.840  0.010
5505.61  2.836  0.032
5506.23  2.860  0.020
5506.25  2.830  0.010
5506.61  2.830  0.032
5507.24  2.850  0.020
5507.29  2.840  0.010
5507.62  2.761  0.031
5508.16  2.810  0.010
5508.25  2.790  0.030
5508.33  2.809  0.061
5508.61  2.760  0.031
5509.22  2.850  0.020
5509.23  2.887  0.063
5509.27  2.830  0.010
5509.62  2.792  0.032
5510.30  2.860  0.040
5510.62  2.846  0.032
5511.16  2.810  0.010
5511.18  2.840  0.030
5511.62  2.822  0.032
5512.26  2.850  0.030
5512.62  2.886  0.033
5513.22  2.940  0.050
5513.61  2.961  0.033
5514.21  2.930  0.030
5514.61  2.940  0.033
5515.19  2.977  0.065
5515.21  3.010  0.030
5515.62  2.951  0.033
5516.19  3.040  0.030
5516.26  3.016  0.065
5516.61  2.975  0.034
5517.26  2.930  0.040
5517.30  3.101  0.067
5517.61  2.930  0.010
5518.20  2.950  0.040
5518.21  3.124  0.068
5518.31  2.978  0.034
5519.27  2.940  0.100
5519.61  3.023  0.034
5520.19  3.000  0.010
5520.24  2.980  0.030
5521.15  3.010  0.010
5523.16  3.010  0.010
5523.20  2.970  0.050
5525.20  2.980  0.030
5525.24  2.970  0.010
5525.24  2.946  0.064
5525.60  2.998  0.034
5526.24  2.990  0.010
5526.60  2.966  0.034
5527.22  2.940  0.010
5527.63  2.984  0.034
5528.24  2.930  0.010
5528.61  2.940  0.033
5529.61  2.958  0.033
5530.61  2.946  0.033
5531.18  2.890  0.010
5531.60  2.950  0.033
5532.20  2.890  0.010
5532.61  2.953  0.033
5533.61  2.930  0.033
5534.13  2.860  0.060
5534.20  2.890  0.010
5535.17  2.880  0.010
5536.61  2.908  0.033
5538.16  2.850  0.010
5538.17  2.962  0.064
5538.20  2.820  0.020
5538.61  2.874  0.032
5539.20  2.850  0.020
5539.22  2.874  0.062
5539.61  2.942  0.033
5540.60  2.909  0.033
5541.21  2.790  0.010
5541.57  2.921  0.033
5542.59  2.839  0.032
5543.60  2.920  0.033
5544.61  2.860  0.032
5548.61  2.862  0.032
5549.19  2.840  0.040
5551.18  2.930  0.090
5553.20  2.900  0.050
5555.20  2.910  0.040
5555.60  3.173  0.036
5556.19  2.960  0.140
5557.60  2.992  0.034
