5441.725  4.385  0.057
5442.714  4.334  0.056
5443.430  4.377  0.072
5443.764  4.300  0.055
5444.384  4.291  0.070
5444.714  4.391  0.057
5445.727  4.393  0.057
5446.725  4.303  0.056
5447.648  4.341  0.056
5449.711  4.366  0.056
5450.705  4.313  0.056
5451.357  4.318  0.071
5451.638  4.316  0.056
5452.336  4.391  0.072
5453.699  4.404  0.057
5454.337  4.357  0.071
5454.639  4.377  0.056
5456.280  4.218  0.069
5456.692  4.343  0.056
5457.290  4.272  0.070
5457.637  4.239  0.055
5468.275  4.310  0.071
5470.707  4.337  0.056
5472.766  4.276  0.055
5473.661  4.255  0.055
5474.705  4.320  0.056
5477.641  4.274  0.055
5478.640  4.304  0.056
5480.633  4.286  0.055
5481.625  4.290  0.055
5482.315  4.361  0.071
5482.624  4.328  0.056
5483.367  4.285  0.070
5488.624  4.229  0.055
5493.612  4.334  0.056
5496.602  4.334  0.056
5497.599  4.231  0.055
5498.608  4.315  0.056
5499.599  4.349  0.056
5500.286  4.200  0.069
5500.612  4.212  0.054
5501.295  4.127  0.068
5501.600  4.278  0.055
5502.616  4.321  0.056
5503.608  4.293  0.055
5504.616  4.271  0.055
5505.612  4.293  0.055
5506.608  4.242  0.055
5507.624  4.204  0.054
5508.325  4.150  0.068
5508.614  4.258  0.055
5509.235  4.182  0.069
5509.624  4.251  0.055
5510.622  4.171  0.054
5511.626  4.178  0.054
5512.616  4.082  0.053
5513.614  3.948  0.051
5514.613  4.014  0.052
5515.192  4.051  0.066
5515.615  4.076  0.053
5516.255  4.070  0.067
5516.615  3.978  0.051
5517.304  3.988  0.065
5517.607  4.024  0.066
5518.313  3.897  0.050
5519.611  3.925  0.051
5525.241  4.150  0.068
5525.599  3.962  0.051
5526.603  3.941  0.051
5527.627  4.054  0.052
5528.606  3.989  0.051
5529.614  4.130  0.053
5530.607  4.056  0.052
5531.602  4.076  0.053
5532.615  4.032  0.052
5533.613  4.066  0.052
5536.610  4.010  0.052
5538.168  3.924  0.064
5538.607  3.864  0.050
5539.225  4.025  0.066
5539.607  3.904  0.050
5540.602  3.976  0.051
5541.573  3.870  0.050
5542.595  4.000  0.052
5543.598  3.848  0.050
5544.606  3.894  0.050
5548.607  3.879  0.050
5555.602  3.925  0.051
5557.596  3.891  0.050
