2448545.8   4.23  0.49
2448836.5   4.14  1.33
2448890.4   4.46  0.88
2448949.4   4.41  2.19
2448988.6   5.38  0.45
2449218.6   6.36  0.91
2449220.5   4.57  0.94
2449248.4   5.79  0.61
2449250.5   4.86  0.49
2449278.6   6.90  0.32
2449281.7   6.63  0.29
2449282.7   6.73  0.37
2449304.3   5.79  1.10
2449305.4   6.38  0.54
2449355.3   4.26  1.40
2449543.5   6.10  0.31
2449570.5   6.70  0.38
2449596.9   5.92  0.26
2449597.5   5.77  0.53
2449597.9   6.27  0.30
2449661.4   6.23  0.34
2449680.7   5.28  0.18
2449688.4   5.32  0.68
2449721.2   5.52  0.43
2449916.0   5.81  0.32
2449920.5   6.59  0.54
2449963.5   5.07  1.53
2449964.5   5.14  0.63
2449984.4   5.52  1.18
2449989.8   5.12  0.21
2450049.2   4.43  0.57
2450051.7   5.43  0.21
2450077.7   5.75  0.66
2450093.7   4.85  0.25
2450096.6   5.82  0.27
2450103.2   4.74  0.97
2450288.0   4.77  0.31
2450313.4   5.15  0.36
2450332.9   4.83  0.18
2450370.3   4.65  0.63
2450390.8   4.68  0.21
2450400.3   5.92  0.59
2450402.3   6.89  0.32
2450458.2   5.45  0.53
2450460.2   4.71  0.50
2450687.4   6.39  0.64
2450716.4   6.92  0.84
2450746.4   5.15  0.34
2450747.4   4.57  0.68
2450771.3   6.11  0.47
2450805.3   5.64  0.41
2450831.2   5.89  0.76
2451001.5   5.52  0.96
2451052.5   5.45  0.71
2451073.4   5.99  0.66
2451084.4   5.35  1.03
