2448461.5  22.48  0.36
2448490.6  20.30  0.30
2448520.3  19.59  0.56
2448545.8  20.11  0.15
2448769.6  21.12  1.20
2448836.5  23.88  0.74
2448869.4  23.02  0.64
2448890.4  24.51  0.31
2448925.2  23.83  0.58
2448949.4  25.73  0.46
2448979.3  24.66  0.45
2448988.6  27.97  0.19
2449216.4  26.26  0.36
2449218.6  26.73  0.24
2449220.5  27.78  0.22
2449248.4  25.17  0.17
2449250.5  26.84  0.17
2449251.5  27.30  0.55
2449278.6  30.73  0.33
2449281.4  29.34  0.60
2449281.7  34.47  0.22
2449282.7  35.23  0.23
2449300.3  27.60  0.56
2449304.3  28.17  0.37
2449305.4  30.02  0.30
2449355.3  29.38  0.35
2449364.2  30.99  0.54
2449543.5  34.69  0.26
2449544.5  34.38  0.29
2449570.5  32.77  0.34
2449572.6  33.33  0.22
2449596.9  32.63  0.16
2449597.5  32.43  0.24
2449597.9  31.11  0.15
2449599.4  31.49  0.24
2449623.5  29.52  0.39
2449660.3  30.44  0.22
2449661.4  30.84  0.33
2449680.7  30.48  0.16
2449688.4  30.71  0.28
2449721.2  34.16  0.25
2449728.3  34.78  0.29
2449916.0  31.43  0.23
2449920.5  30.43  0.29
2449928.5  30.05  0.32
2449953.5  30.87  0.32
2449963.5  31.27  0.26
2449964.5  30.75  0.18
2449981.4  29.73  0.25
2449984.4  30.77  0.21
2449989.8  31.57  0.16
2450006.5  29.18  0.31
2450034.3  30.33  0.32
2450049.2  30.40  0.20
2450051.7  32.21  0.17
2450075.2  31.07  0.24
2450077.7  30.00  0.21
2450093.7  30.55  0.16
2450096.6  31.88  0.16
2450103.2  31.04  0.29
2450104.2  31.47  0.27
2450288.0  29.02  0.14
2450300.5  31.68  0.31
2450313.4  29.67  0.30
2450332.9  28.98  0.15
2450352.3  31.08  0.34
2450370.3  32.62  0.23
2450376.4  34.17  0.22
2450390.8  32.76  0.16
2450400.3  32.73  0.21
2450402.3  32.89  0.19
2450458.2  33.97  0.17
2450460.2  33.00  0.21
2450461.2  33.89  0.22
2450656.5  40.58  0.45
2450687.4  39.56  0.32
2450690.5  40.47  0.34
2450716.4  40.67  0.26
2450728.5  42.93  0.48
2450746.4  43.17  0.24
2450747.4  43.04  0.27
2450761.4  43.41  0.50
2450771.3  42.68  0.29
2450782.2  41.78  0.46
2450805.3  42.87  0.29
2450818.2  41.58  0.30
2450831.2  41.03  0.26
2450980.6  28.46  0.43
2451001.5  27.27  0.20
2451024.5  27.03  0.48
2451038.5  26.89  0.53
2451052.5  28.08  0.20
2451073.4  29.05  0.18
2451084.4  28.18  0.28
