2448545.8   6.87  0.25
2448837.5   7.31  1.31
2448884.9   7.00  0.83
2448988.7   9.26  0.41
2449004.2   7.10  0.63
2449011.2  11.06  1.06
2449219.6  10.90  1.03
2449220.6   9.63  0.70
2449249.5  10.63  0.65
2449250.6  10.57  0.57
2449279.4   7.22  0.94
2449281.8   7.41  0.18
2449303.4   6.86  0.68
2449306.4   5.10  0.70
2449325.3   6.52  0.93
2449366.3   8.09  0.97
2449385.7   8.53  0.35
2449542.5   6.73  1.22
2449569.5   7.11  0.25
2449571.5   7.39  0.52
2449596.5   7.42  0.20
2449596.9   7.96  0.21
2449598.0   8.01  0.22
2449661.5   5.35  0.66
2449680.7   5.99  0.21
2449688.2   4.95  0.34
2449719.2   4.62  0.28
2449921.5   8.97  0.39
2449962.6   8.33  0.49
2449963.5   9.04  0.87
2449983.5   4.47  0.33
2449989.9   8.71  0.20
2450049.3   8.01  0.39
2450051.7  10.62  0.30
2450079.2   6.67  0.61
2450093.7   7.59  0.23
2450096.7   8.08  0.24
2450110.2   8.36  1.10
2450332.9   9.74  0.24
2450371.5  10.45  0.48
2450390.9   9.44  0.33
2450400.4   7.86  0.35
2450401.3  10.04  0.43
2450459.2   9.50  0.53
2450716.5   9.22  0.77
2450717.4   7.87  0.59
2450747.3   7.67  0.37
2450771.4   5.78  0.90
2450773.2  10.82  1.09
2450806.2   8.66  0.32
2450819.3  10.26  0.91
2450831.3   9.86  0.49
2451016.6  11.42  0.88
2451051.5   9.54  0.67
2451074.5   7.23  0.69
2451084.6  10.43  0.89
