2448545.8   9.82  0.23
2448890.4  11.86  0.58
2448949.4  10.55  0.87
2448988.6  11.06  0.27
2449218.6  12.38  0.43
2449220.5  10.75  0.36
2449248.4  12.41  0.25
2449250.5  11.44  0.24
2449281.7  12.74  0.31
2449282.7  12.32  0.32
2449304.3  11.21  0.68
2449305.4  11.85  0.53
2449355.3  11.95  0.64
2449543.5  12.78  0.42
2449570.5  13.71  0.60
2449596.9  13.49  0.13
2449597.5  13.17  0.38
2449597.9  13.35  0.13
2449661.4  12.71  0.58
2449680.7  12.97  0.15
2449688.4  12.76  0.50
2449721.2  12.66  0.38
2449916.0  12.82  0.36
2449920.5  12.28  0.52
2449963.5  12.76  0.44
2449964.5  12.04  0.22
2449984.4  11.76  0.31
2449989.8  12.48  0.14
2450049.2  12.47  0.29
2450051.7  12.82  0.16
2450077.7  12.05  0.33
2450093.7  12.21  0.15
2450096.6  13.35  0.16
2450103.2  13.00  0.50
2450288.0  13.20  0.12
2450313.4  12.50  0.53
2450332.9  12.61  0.13
2450370.3  11.27  0.35
2450390.8  12.65  0.11
2450400.3  11.80  0.30
2450402.3  11.69  0.23
2450458.2  12.74  0.14
2450460.2  14.19  0.29
2450687.4  14.05  0.56
2450746.4  13.77  0.28
2450747.4  13.85  0.39
2450771.3  14.15  0.42
2450805.3  14.71  0.43
2450831.2  15.42  0.36
2451001.5  14.13  0.34
2451052.5  13.12  0.32
2451073.4  14.08  0.28
2451084.4  13.48  0.50
