2448545.8  15.52  0.34
2448837.5  20.12  0.84
2448884.9  17.26  0.83
2448988.7  19.25  0.44
2449004.2  17.39  0.72
2449011.2  14.49  0.68
2449219.6  19.42  0.95
2449220.6  18.88  0.56
2449249.5  16.25  0.41
2449250.6  19.11  0.46
2449279.4  20.62  0.46
2449281.8  16.21  0.35
2449303.4  17.40  0.45
2449306.4  17.32  0.52
2449325.3  18.26  0.74
2449366.3  19.27  0.75
2449385.7  17.31  0.42
2449542.5  16.38  0.52
2449569.5  16.64  0.43
2449571.5  16.77  0.42
2449596.5  16.05  0.35
2449596.9  17.17  0.36
2449598.0  18.18  0.37
2449661.5  13.52  0.45
2449680.7  13.27  0.28
2449688.2  13.46  0.38
2449719.2  12.99  0.30
2449921.5  16.93  0.50
2449962.6  16.25  0.41
2449963.5  17.25  0.63
2449983.5  17.44  0.41
2449989.9  17.49  0.37
2450049.3  18.41  0.46
2450051.7  21.34  0.46
2450079.2  18.77  0.53
2450093.7  17.95  0.37
2450096.7  18.60  0.40
2450110.2  17.29  0.65
2450332.9  18.61  0.42
2450371.5  22.06  0.78
2450390.9  18.48  0.44
2450400.4  21.55  0.53
2450401.3  19.87  0.52
2450459.2  21.69  0.56
2450716.5  20.40  0.65
2450717.4  16.08  0.61
2450747.3  21.07  0.70
2450771.4  18.36  0.53
2450773.2  20.78  0.84
2450806.2  18.44  0.55
2450819.3  19.35  0.80
2450831.3  19.56  0.50
2451016.6  19.24  0.57
2451051.5  19.44  0.69
2451074.5  18.86  0.74
2451084.6  16.62  0.78
