2448836.5  44.50  2.56
2448890.4  49.02  1.60
2448949.4  60.81  1.56
2448988.6  53.46  0.71
2449218.6  51.81  1.57
2449220.5  54.04  0.99
2449248.4  48.81  1.03
2449250.5  57.43  1.14
2449278.6  53.72  2.00
2449281.7  62.68  0.70
2449282.7  63.07  0.79
2449304.3  54.70  1.43
2449305.4  53.24  1.00
2449355.3  48.03  1.64
2449543.5  58.88  1.07
2449570.5  61.14  0.93
2449596.9  63.26  0.60
2449597.5  59.30  0.94
2449597.9  60.94  0.63
2449661.4  58.39  0.83
2449680.7  60.96  0.63
2449688.4  54.80  1.27
2449721.2  56.94  0.98
2449916.0  61.01  1.43
2449920.5  57.24  0.69
2449963.5  54.49  1.10
2449964.5  56.80  0.97
2449984.4  56.89  1.38
2449989.8  61.49  0.63
2450049.2  56.90  1.07
2450051.7  61.13  0.66
2450077.7  57.57  1.14
2450093.7  57.93  0.65
2450096.6  57.72  0.70
2450103.2  53.68  1.52
2450288.0  57.64  0.52
2450313.4  61.16  1.00
2450332.9  58.50  0.65
2450370.3  56.66  1.41
2450390.8  57.17  0.59
2450400.3  59.01  1.03
2450402.3  61.70  0.98
2450458.2  64.34  1.05
2450460.2  59.87  0.96
2450687.4  64.41  1.55
2450716.4  65.12  2.08
2450746.4  65.96  1.30
2450747.4  68.06  1.55
2450771.3  70.30  1.18
2450805.3  71.34  1.12
2450831.2  71.83  1.10
2451001.5  64.49  1.26
2451052.5  65.49  1.37
2451073.4  62.24  1.42
2451084.4  56.22  1.61
