2448461.6  22.18  0.47
2448491.4  22.17  0.54
2448520.3  23.63  0.77
2448545.8  20.00  0.41
2448769.6  21.20  1.41
2448837.5  27.59  0.78
2448869.4  31.37  0.90
2448884.9  29.62  0.68
2448925.2  33.36  0.95
2448979.3  37.08  0.87
2448988.7  34.89  0.71
2449004.2  36.58  0.77
2449011.2  34.39  0.82
2449191.6  29.45  0.74
2449216.4  28.89  0.74
2449219.6  26.63  0.68
2449220.6  26.62  0.60
2449249.5  26.86  0.60
2449250.6  27.83  0.60
2449251.5  27.38  0.68
2449279.4  31.86  0.75
2449281.4  29.48  0.96
2449281.8  24.83  0.50
2449300.3  29.11  0.67
2449303.4  28.89  0.64
2449306.4  31.47  0.69
2449324.2  28.29  0.64
2449325.3  31.43  0.74
2449364.2  27.35  0.86
2449366.3  27.31  0.68
2449385.7  28.56  0.58
2449542.5  25.13  0.72
2449544.6  25.13  0.58
2449569.5  21.59  0.44
2449571.5  21.47  0.48
2449572.6  21.74  0.47
2449596.5  19.05  0.38
2449596.9  17.70  0.36
2449598.0  18.07  0.37
2449598.4  18.79  0.42
2449623.5  15.52  0.38
2449660.3  15.60  0.34
2449661.5  16.71  0.43
2449680.7  16.44  0.34
2449688.2  18.30  0.39
2449719.2  21.22  0.44
2449728.3  20.46  0.48
2449921.5  29.60  0.61
2449928.5  29.40  0.67
2449953.5  31.86  0.73
2449962.6  33.39  0.69
2449963.5  33.10  0.75
2449981.5  33.66  0.73
2449983.5  35.47  0.72
2449989.9  32.43  0.65
2450006.5  31.77  0.72
2450034.4  30.35  0.71
2450049.3  31.21  0.64
2450051.7  33.10  0.67
2450075.2  30.01  0.89
2450079.2  31.04  0.67
2450093.7  29.97  0.60
2450096.7  30.80  0.62
2450104.2  33.06  0.77
2450110.2  36.13  0.86
2450300.5  41.84  0.87
2450332.9  33.24  0.67
2450352.3  35.97  0.81
2450371.5  37.52  0.77
2450374.5  37.09  0.84
2450390.9  35.39  0.72
2450400.4  40.34  0.82
2450401.3  38.82  0.79
2450437.2  37.50  0.78
2450459.2  36.29  0.75
2450461.2  36.86  0.74
2450655.6  33.20  0.72
2450690.5  32.88  0.70
2450716.5  32.23  0.72
2450717.4  32.60  0.69
2450727.4  31.40  0.85
2450747.3  31.21  0.64
2450761.3  30.13  0.78
2450771.4  30.78  0.72
2450773.2  30.45  0.76
2450782.3  30.23  0.72
2450806.2  31.55  0.64
2450818.2  31.49  0.67
2450819.3  32.26  0.75
2450831.3  31.73  0.66
2450980.6  33.58  0.67
2451016.6  30.77  0.71
2451024.5  31.90  0.86
2451038.5  32.04  0.59
2451051.5  28.11  0.62
2451074.5  27.68  0.62
2451084.6  28.65  0.68
