2448837.5  71.40  2.81
2448884.9  59.68  2.72
2448988.7  70.30  1.70
2449004.2  81.79  2.01
2449011.2  70.11  2.15
2449219.6  80.12  2.68
2449220.6  65.36  2.89
2449249.5  79.48  2.08
2449250.6  62.81  1.97
2449279.4  84.95  2.44
2449281.8  63.75  1.49
2449303.4  66.29  2.03
2449306.4  72.66  2.25
2449325.3  84.43  2.33
2449366.3  91.00  2.69
2449385.7  78.47  1.91
2449542.5  66.47  2.74
2449569.5  69.94  1.68
2449571.5  69.78  2.11
2449596.5  67.88  1.66
2449596.9  72.88  1.64
2449598.0  76.68  1.75
2449661.5  69.99  1.97
2449680.7  64.64  1.53
2449688.2  61.78  1.67
2449719.2  61.87  1.66
2449921.5  65.96  2.04
2449962.6  69.76  2.15
2449963.5  72.71  2.35
2449983.5  63.92  2.00
2449989.9  73.50  1.68
2450049.3  70.69  1.82
2450051.7  81.64  1.87
2450079.2  72.79  2.21
2450093.7  71.05  1.73
2450096.7  69.56  1.75
2450110.2  76.61  2.93
2450332.9  76.65  1.81
2450371.5  78.08  2.12
2450390.9  73.58  1.80
2450400.4  87.38  3.58
2450401.3  79.71  2.38
2450459.2  77.54  2.19
2450716.5  88.78  2.48
2450717.4  82.27  2.39
2450747.3  81.24  2.51
2450771.4  78.54  3.12
2450773.2  84.22  5.14
2450806.2  80.13  2.22
2450831.3  83.25  2.17
2451051.5  80.32  2.84
2451074.5  83.53  2.44
2451084.6  87.49  2.93
