2448319.4  49.72  0.78
2448378.3  40.00  0.71
2448546.0  42.86  0.31
2448629.5  51.25  0.80
2448630.4  48.28  0.63
2448925.5  33.71  0.83
2448983.4  41.15  0.95
2448988.8  39.32  0.30
2449003.4  40.38  0.78
2449004.4  42.36  0.84
2449046.3  43.14  0.67
2449069.4  38.20  0.65
2449100.3  41.62  0.41
2449279.6  45.38  0.62
2449280.6  45.15  0.83
2449281.9  47.02  0.31
2449301.5  45.06  0.81
2449306.6  48.97  0.54
2449336.5  47.66  0.61
2449363.6  49.60  1.10
2449385.8  50.35  0.47
2449398.3  48.80  0.66
2449402.3  47.80  0.35
2449428.4  47.67  0.62
2449454.3  46.48  0.33
2449460.7  45.21  0.34
2449657.6  38.49  0.65
2449681.0  40.45  0.27
2449720.4  44.21  0.48
2449726.5  45.73  0.64
2449744.4  44.52  0.27
2449773.3  40.23  0.57
2449777.3  40.66  0.41
2449784.2  42.03  0.42
2449788.3  40.80  1.03
2449804.3  39.43  0.53
2449813.3  41.30  0.33
2449829.7  37.01  0.23
2449840.3  37.37  0.38
2449847.3  34.31  0.48
2449870.2  35.99  0.54
2449984.6  41.04  0.64
2449990.0  39.46  0.24
2450035.6  44.25  0.59
2450049.6  44.95  0.29
2450051.9  44.50  0.27
2450078.4  45.84  0.39
2450080.4  46.01  0.75
2450093.8  45.60  0.33
2450094.9  46.27  0.28
2450110.3  47.29  0.36
2450111.4  46.44  0.68
2450136.2  48.57  0.29
2450199.7  43.96  0.28
2450204.3  41.51  0.73
2450357.6  42.50  0.62
2450371.5  37.56  0.38
2450372.6  40.49  0.67
2450391.0  38.90  0.24
2450400.6  39.30  0.24
2450403.5  39.66  0.60
2450429.4  38.05  0.44
2450435.5  40.22  0.55
2450459.3  37.90  0.39
2450461.5  38.83  0.57
2450482.3  39.13  0.42
2450497.3  36.64  0.65
2450515.3  36.88  0.56
2450526.4  36.31  0.73
2450746.6  47.38  0.33
2450771.6  51.92  0.34
2450781.5  50.25  0.77
2450819.4  47.42  0.36
2450849.3  42.64  0.58
2450882.3  43.31  0.66
2450909.3  39.72  0.68
2450911.3  41.14  1.11
2450961.3  37.03  0.78
2450997.3  30.95  1.32
2451085.6  46.04  0.65
