2448546.0  28.28  0.31
2448629.5  34.12  1.30
2448630.4  32.54  0.84
2448705.6  32.98  0.40
2448988.8  28.81  0.24
2449003.4  27.38  1.05
2449004.4  29.12  0.61
2449046.3  30.07  0.56
2449100.3  27.98  0.63
2449279.6  33.99  0.86
2449281.9  32.87  0.35
2449306.6  31.88  0.89
2449336.5  34.96  0.57
2449385.8  33.13  0.63
2449402.3  35.99  0.41
2449454.3  30.87  0.42
2449460.7  36.28  1.05
2449681.0  32.47  0.60
2449720.4  30.31  0.65
2449744.4  30.34  0.35
2449777.3  31.61  0.24
2449784.2  30.75  0.50
2449788.3  30.35  1.54
2449813.3  26.73  0.41
2449829.7  29.27  0.36
2449840.3  26.06  0.71
2449984.6  27.12  0.78
2449990.0  26.78  0.29
2450049.6  29.79  0.31
2450051.9  32.28  0.26
2450078.4  32.23  0.26
2450093.8  30.84  0.43
2450094.9  31.06  0.25
2450110.3  32.41  0.55
2450136.2  33.26  0.64
2450199.7  31.37  0.39
2450371.5  26.71  0.55
2450391.0  27.26  0.28
2450400.6  25.44  0.26
2450429.4  25.19  0.63
2450459.3  26.33  0.20
2450482.3  25.76  0.50
2450746.6  33.40  0.70
2450771.6  34.30  1.74
2450819.4  30.27  0.31
2450849.3  27.17  0.47
2450911.3  26.82  1.40
2451085.6  26.73  0.89
