2448319.3  53.27  0.74
2448545.9  56.21  0.73
2448692.2  61.79  1.06
2448705.7  65.40  0.85
2448769.2  64.56  0.81
2448890.6  65.29  1.13
2448924.5  60.28  1.21
2448979.4  57.25  1.06
2448988.8  57.72  0.74
2449002.4  57.69  0.81
2449045.4  64.21  0.85
2449069.4  57.75  0.74
2449094.3  63.24  0.82
2449099.3  59.50  1.47
2449131.3  65.69  0.88
2449248.6  63.68  0.88
2449249.6  62.83  0.89
2449252.6  60.10  0.85
2449278.6  57.39  0.81
2449280.6  55.42  0.85
2449281.9  57.37  0.75
2449300.6  51.34  0.80
2449305.5  51.72  0.77
2449306.5  51.21  0.81
2449334.5  49.84  0.67
2449364.4  51.62  1.20
2449385.7  51.87  0.70
2449397.4  52.49  0.62
2449401.3  50.69  0.67
2449426.3  48.90  0.86
2449427.3  46.55  0.62
2449428.4  49.27  0.56
2449453.3  47.23  0.62
2449468.7  47.58  0.63
2449486.3  47.11  0.67
2449596.6  50.62  0.75
2449597.6  50.35  0.74
2449623.6  54.89  0.68
2449657.6  55.90  0.71
2449680.8  57.45  0.73
2449688.6  56.04  0.74
2449719.5  50.37  0.66
2449726.5  53.35  0.60
2449744.3  50.74  0.71
2449756.3  51.37  0.80
2449773.3  52.69  0.60
2449776.3  50.98  0.67
2449777.2  51.55  0.67
2449782.3  51.11  0.68
2449786.3  51.00  0.70
2449804.2  52.05  0.57
2449829.6  57.02  0.74
2449838.3  55.47  0.72
2449847.2  53.42  0.63
2449983.6  57.98  0.78
2449984.5  57.75  0.81
2449989.9  55.54  0.71
2450007.5  54.47  0.73
2450035.5  58.58  0.75
2450049.4  61.67  0.80
2450051.8  62.32  0.80
2450077.2  66.60  0.88
2450080.3  66.42  0.78
2450093.7  66.53  0.85
2450096.7  67.88  0.86
2450102.4  67.51  0.89
2450104.4  68.25  0.80
2450135.2  67.48  0.89
2450155.2  68.84  0.89
2450170.2  70.50  0.99
2450190.4  74.87  1.64
2450198.7  79.03  1.01
2450204.2  74.34  0.99
2450333.0  72.51  0.92
2450354.6  75.96  0.93
2450370.5  76.27  0.99
2450372.6  77.68  0.98
2450390.9  90.46  1.16
2450400.5  84.75  1.15
2450401.4  85.30  1.13
2450402.4  85.90  1.42
2450403.6  84.97  0.97
2450427.5  87.69  1.15
2450428.4  85.58  1.20
2450435.5  84.25  0.92
2450458.4  81.29  1.07
2450460.3  81.08  1.09
2450461.4  82.61  0.94
2450485.4  80.60  1.09
2450497.3  78.52  1.15
2450515.2  75.36  1.11
2450515.4  76.03  0.91
2450526.3  72.91  1.03
2450546.3  68.90  0.87
2450603.3  69.21  0.93
2450717.6  63.53  0.82
2450726.6  65.98  0.97
2450746.5  65.45  0.93
2450747.5  65.57  0.93
2450771.5  69.73  0.97
2450781.5  69.74  0.87
2450805.4  70.16  0.90
2450867.3  72.82  0.97
2450882.3  72.65  0.87
2450961.3  63.87  1.11
2451058.6  62.03  0.75
2451073.5  69.87  1.14
2451085.5  71.47  1.09
