2448545.9  59.42  0.89
2448692.2  65.50  2.19
2448705.7  66.30  1.01
2448890.6  70.16  2.48
2448988.8  66.97  0.95
2449002.4  64.58  1.42
2449045.4  66.91  1.11
2449094.3  64.99  1.00
2449131.3  62.89  1.22
2449248.6  66.80  1.32
2449249.6  64.71  1.46
2449278.6  68.99  1.73
2449281.9  68.83  1.05
2449305.5  68.20  1.42
2449306.5  68.33  1.64
2449334.5  66.90  1.09
2449385.7  62.35  1.04
2449401.3  63.40  0.98
2449426.3  59.85  1.84
2449427.3  63.07  0.96
2449453.3  61.31  0.90
2449468.7  60.40  0.92
2449486.3  60.46  1.16
2449596.6  60.48  1.34
2449597.6  61.51  1.31
2449680.8  62.40  0.87
2449688.6  63.14  1.04
2449719.5  63.15  0.93
2449744.3  60.96  1.13
2449756.3  60.82  1.52
2449776.3  61.72  0.97
2449777.2  61.73  0.92
2449782.3  61.18  0.96
2449786.3  61.56  1.12
2449829.6  60.71  0.92
2449838.3  59.51  0.91
2449983.6  58.90  1.08
2449984.5  58.62  1.25
2449989.9  58.06  0.79
2450049.4  57.25  0.88
2450051.8  57.72  0.84
2450077.2  58.59  1.05
2450093.7  57.09  0.83
2450096.7  57.65  0.79
2450102.4  60.13  1.05
2450135.2  61.96  1.07
2450155.2  62.12  0.98
2450190.4  66.47  3.94
2450198.7  67.07  0.99
2450333.0  65.25  0.91
2450370.5  69.80  1.10
2450390.9  71.54  1.09
2450400.5  67.57  1.47
2450401.4  69.72  1.32
2450402.4  67.38  2.83
2450427.5  69.54  1.34
2450428.4  68.90  1.73
2450458.4  71.17  1.22
2450460.3  71.82  1.39
2450485.4  70.42  1.39
2450546.3  70.77  0.95
2450603.3  70.74  1.30
2450717.6  66.33  0.98
2450746.5  68.38  1.46
2450747.5  67.68  1.46
2450771.5  67.07  1.44
2450805.4  66.40  1.00
2450867.3  70.70  1.25
2451073.5  66.59  2.29
2451085.5  66.34  1.91
