2448545.9  22.41  1.36
2448692.2  22.23  1.63
2448890.6  27.20  4.99
2448988.8  27.87  0.85
2449002.4  25.83  2.02
2449045.4  23.36  0.72
2449094.3  24.37  0.77
2449131.3  22.05  1.87
2449248.6  22.21  1.30
2449249.6  20.41  1.52
2449278.6  25.25  1.31
2449281.9  25.05  0.74
2449305.5  21.24  1.73
2449306.5  22.09  2.07
2449334.5  19.40  1.20
2449385.7  17.69  0.82
2449401.3  19.75  1.09
2449426.3  21.72  1.70
2449427.3  22.19  1.07
2449453.3  21.34  0.86
2449468.7  20.69  0.79
2449486.3  20.85  1.25
2449596.6  18.77  1.70
2449597.6  20.22  1.49
2449680.8  21.82  0.40
2449688.6  21.99  0.97
2449719.5  22.69  1.04
2449744.3  20.74  0.98
2449756.3  23.15  2.71
2449776.3  21.18  0.77
2449777.2  20.50  1.14
2449782.3  20.37  0.95
2449786.3  19.93  0.84
2449829.6  20.68  0.62
2449838.3  21.13  1.28
2449983.6  19.71  1.48
2449984.5  19.33  1.05
2449989.9  19.76  0.36
2450049.4  20.94  0.59
2450051.8  19.80  0.53
2450077.2  20.89  1.39
2450093.7  19.61  0.55
2450096.7  20.61  0.57
2450102.4  20.32  1.70
2450135.2  20.02  1.22
2450155.2  20.14  1.39
2450198.7  24.59  0.51
2450333.0  25.22  0.59
2450370.5  24.46  1.34
2450390.9  27.84  0.70
2450400.5  24.71  1.15
2450401.4  24.58  0.63
2450427.5  24.13  2.17
2450428.4  26.13  1.37
2450458.4  25.28  1.09
2450460.3  25.75  1.19
2450485.4  25.22  1.11
2450546.3  25.20  0.87
2450603.3  24.58  1.91
2450717.6  23.40  0.91
2450746.5  23.91  1.79
2450747.5  22.50  0.91
2450771.5  25.08  2.64
2450805.4  22.87  2.17
2450867.3  23.61  1.10
2451073.5  20.80  4.59
2451085.5  21.34  2.20
