2448545.9  192.5  2.64
2448692.2  205.3  4.21
2448705.7  198.4  4.31
2448890.6  222.9  5.16
2448988.8  216.4  2.78
2449002.4  206.9  3.02
2449045.4  218.6  3.13
2449094.3  209.5  3.27
2449131.3  220.3  3.61
2449248.6  225.3  3.02
2449249.6  225.8  3.87
2449278.6  221.6  3.81
2449281.9  225.0  2.96
2449305.5  225.6  3.16
2449306.5  223.6  3.30
2449334.5  215.3  3.27
2449385.7  214.6  2.85
2449401.3  211.1  2.90
2449426.3  208.5  3.51
2449427.3  204.3  2.77
2449453.3  204.4  3.00
2449468.7  206.5  2.73
2449486.3  199.6  2.78
2449596.6  195.3  2.84
2449597.6  197.0  2.71
2449680.8  201.8  2.72
2449688.6  202.0  3.16
2449719.5  201.6  2.76
2449744.3  198.5  2.80
2449756.3  200.7  3.52
2449776.3  200.5  2.85
2449777.2  200.0  2.85
2449782.3  199.0  2.71
2449786.3  202.4  2.74
2449829.6  198.3  2.74
2449838.3  199.8  3.11
2449983.6  193.5  3.00
2449984.5  193.8  3.03
2449989.9  187.7  2.65
2450049.4  189.4  2.69
2450051.8  190.1  2.57
2450077.2  190.0  2.74
2450093.7  193.0  2.65
2450096.7  193.5  2.69
2450102.4  190.4  3.00
2450135.2  197.4  3.16
2450155.2  196.1  3.06
2450190.4  210.8  7.78
2450198.7  203.0  2.86
2450333.0  209.4  2.94
2450370.5  223.4  3.62
2450390.9  221.8  3.08
2450400.5  219.5  3.41
2450401.4  225.5  3.41
2450402.4  226.8  5.91
2450427.5  229.4  3.69
2450428.4  218.9  3.27
2450458.4  226.8  3.24
2450460.3  227.7  3.67
2450485.4  229.0  3.38
2450546.3  227.3  3.31
2450603.3  231.5  3.37
2450717.6  222.7  3.34
2450746.5  221.0  3.26
2450747.5  222.7  3.50
2450771.5  216.5  3.43
2450805.4  212.1  2.95
2450867.3  215.0  3.17
2451073.5  211.5  4.20
2451085.5  217.0  3.12
