2448629.5  17.58  2.52
2448630.4  13.20  1.77
2448988.8  13.21  1.42
2449003.4  13.13  3.58
2449004.4  10.32  2.19
2449046.3  12.61  1.35
2449100.3  10.24  1.18
2449279.6  13.41  1.67
2449281.9  14.52  0.62
2449306.6  14.59  1.48
2449336.5  17.27  1.22
2449385.8  15.89  1.08
2449402.3  16.13  0.74
2449454.3  13.43  1.52
2449460.7  11.75  0.76
2449681.0  15.28  0.86
2449720.4  14.17  0.90
2449744.4  13.39  1.03
2449777.3  12.79  0.76
2449784.2  13.84  0.69
2449813.3  12.26  0.41
2449829.7  12.61  0.40
2449840.3  13.76  0.44
2449984.6  10.37  2.57
2449990.0  11.47  0.34
2450049.6  12.53  1.00
2450051.9  14.70  0.51
2450078.4  13.50  0.94
2450093.8  14.19  0.86
2450094.9  13.78  0.62
2450110.3  12.65  0.87
2450136.2  15.17  0.83
2450199.7  14.28  0.64
2450371.5   9.05  1.79
2450391.0  11.57  0.53
2450400.6  12.43  0.82
2450429.4  11.59  1.26
2450459.3   9.35  1.04
2450482.3  10.66  1.17
2450746.6  11.17  1.52
2450771.6  12.08  4.50
2450819.4  14.42  1.40
2450849.3  11.96  1.84
2450911.3  13.20  4.46
2451085.6  10.47  5.18
