2448546.0  83.69  0.73
2448629.5  102.1  1.68
2448630.4  96.02  2.31
2448705.6  100.0  0.71
2448988.8  85.26  0.50
2449003.4  89.83  1.04
2449004.4  90.56  0.86
2449046.3  98.19  0.85
2449100.3  94.40  0.77
2449279.6  107.9  1.30
2449281.9  98.45  0.55
2449306.6  99.08  1.17
2449336.5  89.65  0.88
2449385.8  105.1  0.59
2449402.3  99.39  0.71
2449454.3  101.1  0.83
2449460.7  105.5  1.06
2449681.0  90.63  0.97
2449720.4  94.58  0.73
2449744.4  96.63  0.65
2449777.3  96.48  0.65
2449784.2  97.51  0.76
2449788.3  99.47  1.87
2449829.7  92.11  0.48
2449840.3  94.06  0.62
2449984.6  89.96  1.26
2449990.0  84.88  0.50
2450049.6  95.34  0.61
2450051.9  100.1  0.65
2450078.4  98.62  0.78
2450093.8  99.47  0.70
2450094.9  95.13  0.63
2450110.3  103.9  0.92
2450136.2  102.5  0.96
2450199.7  101.0  0.69
2450371.5  87.51  1.37
2450391.0  88.03  0.51
2450400.6  89.96  0.54
2450429.4  87.38  0.74
2450459.3  84.96  1.06
2450482.3  85.43  0.94
2450746.6  104.9  1.17
2450819.4  100.8  1.00
2450849.3  94.44  0.89
2450911.3  95.52  1.73
2451085.6  84.47  1.10
