2448319.4  19.99  0.41
2448378.3  20.19  0.43
2448397.7  20.74  0.22
2448433.2  19.28  0.46
2448546.0  17.21  0.26
2448631.0  18.90  0.09
2448705.7  19.55  0.13
2448769.3  18.01  0.43
2448925.6  22.01  0.51
2448983.5  21.92  0.43
2448988.9  22.38  0.10
2449002.6  23.20  0.39
2449071.4  20.66  0.44
2449101.3  19.38  0.18
2449280.6  18.40  0.42
2449282.0  19.12  0.08
2449301.6  18.66  0.46
2449364.6  17.36  0.48
2449385.8  17.29  0.10
2449397.5  18.45  0.35
2449401.5  18.18  0.16
2449428.4  19.25  0.35
2449455.3  18.54  0.18
2449487.3  18.76  0.11
2449507.3  19.65  0.37
2449667.6  20.06  0.42
2449720.5  21.05  0.12
2449726.5  21.66  0.40
2449773.3  22.57  0.46
2449776.4  21.36  0.11
2449787.3  22.28  0.40
2449804.3  22.14  0.43
2449814.3  21.42  0.12
2449829.7  20.78  0.12
2449832.4  20.35  0.38
2449868.3  18.64  0.37
2450035.6  19.87  0.39
2450050.5  20.34  0.11
2450051.9  20.59  0.10
2450078.5  22.22  0.13
2450079.5  22.02  0.20
2450080.5  22.19  0.43
2450093.8  22.54  0.14
2450096.8  22.76  0.10
2450103.6  22.12  0.15
2450111.4  22.34  0.43
2450136.3  21.61  0.14
2450170.3  22.33  0.50
2450198.7  22.72  0.16
2450204.3  22.77  0.51
2450391.0  25.65  0.11
2450401.5  24.99  0.38
2450403.6  25.88  0.48
2450428.5  28.22  0.15
2450435.6  26.23  0.47
2450459.4  28.07  0.17
2450461.5  26.68  0.50
2450482.4  27.67  0.18
2450497.4  27.05  0.57
2450515.4  28.54  0.77
2450527.3  27.11  0.76
2450579.3  26.52  0.56
2450602.3  26.46  0.16
2450608.2  25.74  0.53
2450747.6  24.43  0.38
2450805.5  24.64  0.13
2450818.5  25.06  0.54
2450849.4  26.67  0.17
2450868.3  24.45  1.07
2450882.3  24.66  0.53
2450909.3  24.86  0.44
2450927.3  26.54  0.14
2450961.3  25.72  0.74
2450997.3  24.53  0.60
