2448397.7   7.64  0.52
2448546.0   6.91  0.64
2448631.0   7.07  0.19
2448705.7   7.14  0.27
2448988.9   7.55  0.16
2449002.6   7.21  0.99
2449101.3   8.56  0.42
2449282.0   7.72  0.10
2449385.8   6.72  0.21
2449401.5   7.01  0.37
2449455.3   6.51  0.45
2449487.3   6.76  0.23
2449720.5   6.84  0.26
2449776.4   7.70  0.24
2449814.3   7.74  0.25
2449829.7   7.97  0.24
2450050.5   6.72  0.22
2450051.9   6.52  0.17
2450078.5   6.06  0.27
2450079.5   6.53  0.48
2450093.8   6.63  0.28
2450096.8   6.60  0.15
2450103.6   6.24  0.34
2450136.3   6.73  0.30
2450198.7   6.41  0.36
2450391.0   7.13  0.19
2450428.5   7.28  0.34
2450459.4   7.16  0.39
2450482.4   6.94  0.44
2450602.3   7.60  0.38
2450747.6   7.90  0.92
2450805.5   7.59  0.26
2450849.4   7.53  0.34
2450927.3   7.33  0.27
