2448397.7  15.51  0.30
2448546.0  15.29  0.38
2448631.0  15.88  0.26
2448705.7  15.96  0.24
2448988.9  16.59  0.16
2449002.6  16.34  0.62
2449101.3  16.91  0.29
2449282.0  16.25  0.17
2449385.8  16.19  0.12
2449401.5  16.49  0.35
2449455.3  15.45  0.67
2449487.3  15.13  0.34
2449720.5  15.61  0.19
2449776.4  15.85  0.31
2449787.3  16.03  0.49
2449814.3  16.66  0.35
2449829.7  17.26  0.14
2450050.5  15.29  0.30
2450051.9  15.42  0.15
2450078.5  14.62  0.33
2450079.5  14.54  0.42
2450093.8  14.90  0.20
2450096.8  15.13  0.14
2450103.6  13.98  0.41
2450136.3  14.45  0.22
2450198.7  15.02  0.16
2450391.0  16.04  0.18
2450428.5  17.21  0.34
2450459.4  16.93  0.31
2450482.4  16.36  0.71
2450602.3  16.79  0.40
2450747.6  17.28  0.71
2450805.5  17.66  0.16
2450849.4  17.01  0.46
2450927.3  16.98  0.35
