2448319.5  58.00  0.63
2448398.7  52.80  0.54
2448433.3  57.18  0.54
2448690.5  36.37  0.25
2448705.8  32.17  0.21
2448769.4  54.71  0.76
2448806.3  56.14  0.82
2448986.6  57.48  0.58
2449010.6  46.30  0.39
2449071.5  59.66  0.78
2449102.4  60.55  0.38
2449365.5  72.05  0.76
2449398.4  72.61  0.61
2449402.5  69.37  0.37
2449452.6  71.24  0.74
2449455.4  72.23  0.43
2449508.3  73.59  0.62
2449519.3  73.30  0.71
2449545.3  79.63  0.66
2449721.5  83.57  0.54
2449743.5  81.43  0.68
2449775.5  82.36  0.69
2449777.4  80.74  0.61
2449788.4  84.73  0.74
2449804.4  84.07  0.69
2449813.4  83.19  0.39
2449832.4  76.81  0.63
2449845.8  73.08  0.43
2449869.3  67.13  0.60
2449876.3  71.00  1.37
2449903.3  65.11  0.65
2450079.6  77.42  0.44
2450094.9  77.16  0.37
2450110.6  80.20  0.49
2450112.8  79.83  0.66
2450155.3  78.06  0.46
2450171.4  77.00  0.64
2450206.4  78.35  0.84
2450242.3  78.79  0.67
2450243.7  77.74  0.43
2450258.3  75.30  0.47
2450437.5  72.73  0.68
2450458.5  72.69  0.40
2450486.4  70.94  0.40
2450498.5  78.16  0.72
2450527.5  76.49  0.77
2450604.3  70.34  0.38
2450609.3  69.11  0.57
2450803.6  60.73  0.55
2450804.6  62.59  0.61
2450805.6  60.32  0.42
2450810.6  60.07  0.49
2450812.6  60.52  0.39
2450819.5  60.80  0.35
2450822.6  61.50  0.50
2450841.6  61.65  1.93
2450845.6  61.39  0.43
2450849.5  61.25  0.38
2450867.4  59.90  0.33
2450881.5  62.18  0.58
2450882.4  66.07  0.69
2450882.4  66.23  0.89
2450893.4  64.85  0.43
2450906.3  68.29  1.76
2450909.3  67.94  0.46
2450910.4  68.00  0.45
2450911.4  68.36  0.57
2450912.2  67.08  4.08
2450913.3  67.60  3.07
2450916.2  69.69  1.12
2450917.2  68.58  0.51
2450918.3  70.82  0.46
2450923.5  67.48  0.67
2450926.4  72.79  0.54
2450927.4  70.50  0.46
2450932.3  69.63  0.50
2450936.3  70.23  0.46
2450947.3  68.00  0.49
2450953.3  67.96  0.42
2450961.3  69.75  2.19
2450962.3  68.99  0.62
2450967.3  71.93  0.58
2450970.2  71.56  0.80
2450973.2  71.50  0.74
2450975.3  71.66  0.57
2450980.3  70.89  0.48
2450986.3  72.17  0.53
2450987.3  71.67  0.46
2450997.3  68.40  0.59
2451000.3  74.79  0.70
