2448361.4  306.6  6.26
2448398.7  293.8  5.51
2448631.1  276.0  5.09
2448692.4  302.6  5.48
2448735.7  329.2  6.05
2448751.8  336.5  6.17
2448987.6  311.9  2.54
2448989.0  307.6  5.56
2449012.6  310.7  5.62
2449045.5  311.4  5.60
2449069.4  305.3  1.72
2449101.4  325.7  5.95
2449156.3  316.8  8.10
2449158.3  330.5  6.04
2449364.5  303.1  3.59
2449398.5  318.2  1.26
2449401.5  310.9  5.63
2449427.4  321.2  5.78
2449428.5  327.1  1.33
2449454.4  323.5  5.83
2449487.3  329.9  5.96
2449508.3  324.9  1.98
2449521.3  331.4  5.98
2449720.6  317.3  5.77
2449728.6  312.8  1.21
2449744.6  311.2  5.61
2449773.4  309.2  1.54
2449776.5  308.7  5.58
2449783.5  308.9  5.58
2449803.5  302.6  1.14
2449812.4  312.7  5.73
2449831.5  298.4  1.57
2449838.4  298.6  5.38
2449869.3  289.3  1.09
2449898.3  280.2  5.07
2449903.3  279.8  1.37
2450078.6  296.7  5.33
2450080.6  298.6  1.16
2450094.9  281.8  5.16
2450103.6  289.0  5.24
2450112.8  293.7  1.08
2450136.4  287.1  5.19
2450170.5  281.6  2.40
2450187.4  259.9  4.88
2450198.7  249.8  4.50
2450206.4  258.7  2.03
2450237.4  235.5  4.38
2450244.7  215.6  3.92
2450272.3  235.9  4.26
2450428.6  273.2  5.01
2450436.6  267.6  2.63
2450437.5  262.9  1.72
2450459.6  252.8  4.60
2450482.4  253.9  4.65
2450498.5  254.0  1.90
2450516.4  254.6  1.93
2450580.3  232.7  4.25
2450609.3  253.6  1.22
2450830.5  231.8  4.35
2450867.4  245.0  4.40
2450882.4  264.0  2.03
2450909.3  268.8  1.25
2450961.3  281.5  4.43
2450967.2  270.3  4.87
2450997.3  282.0  0.76
