2448690.5  13.88  1.53
2449010.6  18.87  2.33
2449102.4  23.29  1.30
2449402.5  25.81  1.10
2449455.4  25.63  1.30
2449519.3  27.83  2.99
2449721.5  28.51  1.75
2449777.4  31.22  1.24
2449788.4  29.80  1.30
2449813.4  31.89  1.55
2449845.8  32.52  0.84
2450079.6  29.01  1.54
2450094.9  34.17  1.03
2450110.6  29.20  1.18
2450155.3  27.60  2.06
2450242.3  29.54  1.36
2450243.7  30.83  0.82
2450258.3  30.01  1.23
2450458.5  30.32  1.54
2450486.4  29.67  1.17
2450604.3  30.71  1.08
2450805.6  26.64  1.46
2450819.5  25.19  0.98
2450849.5  26.58  1.01
2450867.4  25.34  0.92
2450881.5  25.55  3.18
2450911.4  27.90  2.17
2450918.3  25.74  2.46
2450927.4  22.96  1.53
2450953.3  25.58  1.37
2450967.3  26.79  2.45
2450975.3  28.50  2.07
2450987.3  25.54  1.57
2451000.3  25.92  5.04
