2448319.5  18.02  0.48
2448379.3  19.05  0.54
2448398.8  17.94  0.13
2448433.3  18.90  0.45
2448735.8  28.31  0.14
2448769.4  23.49  0.60
2448806.3  23.65  0.52
2448986.6  22.34  0.51
2448989.0  23.24  0.11
2449005.5  23.03  0.29
2449047.0  23.30  0.44
2449069.5  22.05  0.46
2449100.5  19.60  0.13
2449364.6  19.40  0.57
2449385.9  21.86  0.11
2449398.5  22.32  0.41
2449402.4  21.88  0.19
2449427.5  22.50  0.23
2449428.5  22.74  0.42
2449453.4  23.07  0.20
2449485.3  24.93  0.18
2449507.3  24.06  0.41
2449522.3  27.06  0.42
2449544.3  23.05  0.41
2449719.6  23.25  0.20
2449728.6  22.46  0.42
2449773.5  21.43  0.40
2449777.5  22.31  0.26
2449782.4  22.53  0.24
2449803.5  21.02  0.43
2449812.4  20.70  0.22
2449829.8  22.52  0.12
2449831.5  20.12  0.55
2449840.4  19.61  0.18
2449868.4  17.44  0.42
2449899.3  19.03  0.14
2449903.3  18.64  0.42
2449928.2  19.73  0.39
2450050.6  19.17  0.25
2450052.9  18.85  0.10
2450079.6  19.83  0.23
2450080.6  19.77  0.46
2450094.0  19.95  0.10
2450102.6  20.23  0.30
2450112.8  19.15  0.42
2450170.5  18.59  0.42
2450199.8  19.26  0.10
2450243.3  21.50  0.14
2450254.3  22.53  0.77
2450277.3  21.02  0.18
2450429.6  19.76  0.17
2450437.5  19.61  0.48
2450460.6  22.46  0.21
2450485.5  19.42  0.22
2450498.5  20.27  0.42
2450516.4  17.15  0.47
2450579.4  19.78  0.44
2450580.4  19.53  0.19
2450609.3  19.90  0.38
2450831.6  21.20  0.42
2450867.5  18.97  0.18
2450882.4  18.95  0.39
2450909.3  18.39  0.25
2450961.3  17.33  0.52
2450997.4  17.54  0.29
