2448989.0   9.73  0.39
2449005.5   9.94  1.53
2449047.0  10.92  0.57
2449100.5   9.40  0.76
2449385.9   7.65  0.26
2449402.4   9.00  0.79
2449427.5   8.40  0.73
2449453.4   9.62  0.58
2449485.3  11.00  0.63
2449719.6   8.42  0.53
2449777.5   8.42  0.62
2449782.4   9.59  1.05
2449812.4   5.53  0.79
2449829.8   8.11  0.24
2449840.4   7.14  0.49
2449899.3   6.12  0.63
2450050.6   7.06  1.07
2450052.9   5.80  0.23
2450079.6   6.91  0.52
2450094.0   6.98  0.37
2450102.6   6.00  0.83
2450199.8   6.57  0.23
2450243.3   7.22  0.45
2450277.3   8.14  1.20
2450429.6   6.20  0.76
2450460.6   6.89  0.64
2450485.5   6.65  0.68
2450580.4   6.31  0.65
2450867.5   7.67  0.27
