2448361.4  504.3  29.5
2448692.4  515.5  11.7
2448989.0  500.3  10.1
2449012.6  537.9  12.5
2449045.5  561.8  11.5
2449101.4  589.3  14.1
2449158.3  587.5  12.1
2449401.5  568.5  11.9
2449427.4  641.5  16.2
2449454.4  620.1  13.4
2449487.3  641.6  14.3
2449521.3  627.2  15.5
2449720.6  652.6  14.0
2449744.6  661.5  18.7
2449776.5  659.9  15.6
2449783.5  661.0  15.3
2449838.4  651.5  15.4
2449898.3  649.5  13.0
2450078.6  638.3  12.8
2450094.9  610.3  13.1
2450103.6  634.7  16.6
2450136.4  656.4  13.5
2450187.4  673.1  15.5
2450198.7  606.7  13.1
2450237.4  611.4  15.0
2450244.7  583.2  12.9
2450272.3  589.6  11.8
2450428.6  571.5  16.1
2450459.6  590.9  14.2
2450482.4  600.8  13.0
2450580.3  551.0  12.3
2450830.5  549.6  11.5
2450867.4  554.2  12.4
2450967.2  572.5  13.8
