2448398.7  50.36  1.06
2448690.5  36.82  0.51
2448705.8  28.42  0.36
2449010.6  42.16  0.74
2449102.4  48.52  0.63
2449402.5  55.98  0.55
2449455.4  55.95  0.69
2449519.3  56.94  1.40
2449721.5  56.13  0.90
2449777.4  61.63  1.11
2449788.4  61.62  1.39
2449845.8  59.69  0.69
2449876.3  59.52  2.84
2450079.6  56.29  0.68
2450094.9  59.41  0.45
2450110.6  57.53  0.81
2450155.3  58.74  0.75
2450242.3  56.50  1.26
2450243.7  56.87  0.64
2450258.3  62.51  0.80
2450458.5  55.15  0.60
2450486.4  54.69  0.63
2450604.3  58.24  0.56
2450805.6  56.00  0.74
2450819.5  54.11  0.56
2450849.5  52.51  0.65
2450867.4  52.04  0.51
2450881.5  52.63  1.14
2450911.4  56.89  1.08
2450918.3  54.62  0.79
2450927.4  53.44  0.77
2450953.3  55.73  0.70
2450967.3  59.07  1.08
2450975.3  54.52  1.06
2450987.3  57.32  0.77
2451000.3  52.97  1.38
