2448398.8  66.00  0.44
2448735.8  78.64  0.63
2448989.0  81.21  0.43
2449005.5  82.13  1.16
2449047.0  81.74  1.24
2449100.5  79.09  0.66
2449385.9  74.82  0.46
2449402.4  76.19  0.63
2449427.5  76.71  0.60
2449453.4  80.64  0.69
2449485.3  82.94  0.66
2449522.3  82.54  1.28
2449719.6  81.77  0.63
2449777.5  80.60  0.63
2449782.4  81.22  0.71
2449829.8  82.22  0.43
2449840.4  78.37  0.48
2449899.3  71.25  0.74
2450050.6  70.37  0.65
2450052.9  64.00  0.40
2450079.6  70.14  0.80
2450094.0  63.90  0.36
2450102.6  71.48  1.05
2450199.8  65.57  0.41
2450243.3  71.27  0.68
2450277.3  73.23  0.76
2450429.6  67.66  0.67
2450460.6  69.50  0.48
2450485.5  71.00  0.80
2450580.4  71.38  0.74
2450831.6  69.46  1.75
2450867.5  73.40  0.56
