2448398.7  167.3  1.02
2448451.3  163.9  7.04
2448690.5  139.0  2.34
2448705.8  127.9  0.90
2449010.6  155.6  1.50
2449102.4  170.4  1.25
2449402.5  193.2  1.14
2449455.4  195.1  1.23
2449519.3  192.0  1.71
2449721.5  201.8  1.14
2449777.4  204.2  1.09
2449788.4  204.0  1.17
2449845.8  210.8  1.16
2449876.3  225.8  3.03
2450079.6  195.8  1.14
2450094.9  204.4  1.07
2450110.6  205.3  1.32
2450155.3  201.0  1.96
2450242.3  203.6  1.08
2450243.7  204.1  1.01
2450258.3  211.8  1.67
2450458.5  196.1  1.54
2450486.4  192.9  1.11
2450604.3  206.2  0.99
2450805.6  191.7  1.19
2450819.5  196.0  1.32
2450849.5  186.6  0.92
2450867.4  184.8  1.33
2450881.5  183.9  2.72
2450911.4  194.5  1.70
2450918.3  192.2  2.50
2450927.4  188.3  0.99
2450953.3  191.7  1.22
2450967.3  204.5  1.73
2450975.3  197.4  2.04
2450987.3  198.0  1.50
2451000.3  209.6  3.03
