2448361.4  147.6  6.11
2448398.7  151.5  3.33
2448631.1  162.8  3.87
2448692.4  140.8  4.00
2448735.7  168.5  4.57
2448751.8  168.1  10.8
2448989.0  186.6  3.82
2449012.6  178.8  4.04
2449045.5  178.8  3.53
2449101.4  179.5  3.82
2449158.3  170.1  3.69
2449401.5  166.2  3.63
2449427.4  182.0  3.74
2449454.4  181.1  3.57
2449487.3  182.9  3.95
2449521.3  186.1  6.37
2449720.6  192.6  3.81
2449744.6  186.9  5.17
2449776.5  191.8  3.87
2449783.5  188.6  3.88
2449812.4  167.6  5.08
2449838.4  192.9  3.72
2449898.3  191.1  4.12
2450078.6  181.0  3.68
2450094.9  169.4  3.15
2450103.6  177.4  3.54
2450136.4  177.4  3.78
2450187.4  178.8  3.50
2450198.7  177.5  3.72
2450237.4  176.7  4.29
2450244.7  167.3  3.61
2450272.3  176.6  3.47
2450428.6  164.2  5.05
2450459.6  161.0  3.00
2450482.4  158.1  3.60
2450580.3  152.6  3.48
2450830.5  151.9  3.81
2450867.4  153.5  3.53
2450967.2  148.1  4.10
