2448361.4  53.44  9.21
2448398.7  47.50  3.67
2448631.1  44.31  5.17
2448692.4  53.99  3.87
2448735.7  49.89  5.52
2448751.8  47.69  2.76
2448989.0  52.88  2.80
2449012.6  64.79  7.13
2449045.5  73.85  3.67
2449101.4  77.26  8.34
2449158.3  80.91  6.07
2449401.5  71.88  2.33
2449427.4  66.66  4.74
2449454.4  62.82  2.22
2449487.3  66.53  3.43
2449521.3  66.55  8.33
2449720.6  67.82  1.93
2449744.6  68.36  5.62
2449776.5  69.97  4.25
2449783.5  70.54  2.89
2449812.4  65.27  3.06
2449838.4  67.94  2.59
2449898.3  68.60  4.18
2450078.6  65.67  4.63
2450094.9  58.09  2.94
2450103.6  58.48  4.52
2450136.4  59.53  2.99
2450187.4  60.07  4.31
2450198.7  61.93  2.42
2450237.4  62.90  8.76
2450244.7  57.65  2.13
2450272.3  62.03  4.00
2450428.6  57.96  6.08
2450459.6  53.76  4.22
2450482.4  54.66  3.70
2450580.3  50.08  4.17
2450830.5  53.47  2.60
2450867.4  51.65  3.25
2450967.2  55.03  2.34
