2448398.8  18.29  0.57
2448735.8  22.78  0.39
2448989.0  22.59  0.17
2449005.5  21.53  0.54
2449047.0  24.77  0.61
2449100.5  21.76  0.26
2449385.9  19.12  0.24
2449402.4  22.68  0.39
2449427.5  20.68  0.20
2449453.4  22.48  0.32
2449485.3  22.62  0.47
2449522.3  23.88  0.87
2449719.6  21.58  0.38
2449777.5  20.85  0.38
2449782.4  20.99  0.35
2449812.4  20.24  0.28
2449829.8  21.53  0.20
2449840.4  20.52  0.36
2449899.3  16.63  0.34
2450050.6  16.40  0.14
2450052.9  16.32  0.22
2450079.6  17.98  0.37
2450094.0  17.11  0.21
2450102.6  19.18  0.53
2450199.8  15.53  0.30
2450243.3  18.21  0.26
2450277.3  18.80  0.40
2450429.6  15.60  0.47
2450460.6  17.24  0.27
2450485.5  17.88  0.44
2450580.4  17.58  0.62
2450831.6  19.24  0.74
2450867.5  20.03  0.58
