2448397.8  10.95  2.02
2448426.3   8.18  1.61
2448989.0   8.74  0.49
2449045.6   8.71  0.47
2449102.6   8.21  0.73
2449157.3   8.90  0.52
2449386.0   7.55  0.67
2449401.6   8.09  0.53
2449454.5   5.20  0.61
2449486.4   6.32  0.42
2449521.3   8.17  0.42
2449541.3   6.14  0.55
2449720.6   7.44  0.67
2449776.5   5.39  0.71
2449812.5   8.57  0.84
2449838.5   5.27  0.73
2449899.4   9.13  0.58
2449921.3   7.70  0.64
2450053.0   9.60  0.25
2450095.9  10.56  0.35
2450136.4   8.64  0.87
2450240.3   7.45  0.50
2450278.3   9.80  0.37
2450460.5   6.20  0.51
2450485.6   8.32  0.61
2450830.6   7.26  1.28
2450867.6   8.93  0.75
2451016.3   6.87  0.54
