2448398.8   5.79  0.34
2448705.9   7.01  0.22
2448752.7   6.52  1.47
2449130.4   8.29  0.54
2449386.0   6.08  0.17
2449402.6   6.76  0.30
2449455.5   6.04  0.36
2449520.3   4.54  1.09
2449721.6   7.33  0.65
2449784.4   7.14  0.34
2449814.4   7.24  0.18
2449845.8   9.18  0.30
2449897.3   7.52  0.61
2450094.0   9.05  0.29
2450135.5   8.48  0.42
2450243.8  10.05  0.12
2450279.3   8.25  0.89
2450459.6   8.43  0.56
2450486.5   7.61  0.69
2450581.4   6.39  0.54
2450849.6   7.23  0.39
2450911.5   8.35  0.96
2451002.3   7.80  3.81
