2448319.6  64.03  0.85
2448397.8  56.00  0.42
2448413.4  56.36  0.67
2448426.3  54.41  0.43
2448462.3  55.45  0.72
2448490.3  58.64  1.02
2448706.0  62.34  0.43
2448722.5  63.50  1.02
2448751.8  60.76  0.46
2448805.3  57.72  1.01
2448989.0  61.86  0.42
2449045.6  60.30  0.45
2449069.6  54.39  0.71
2449102.6  58.45  0.43
2449156.4  58.63  1.20
2449157.3  60.94  0.42
2449216.3  56.78  0.78
2449364.6  67.16  1.45
2449386.0  67.04  0.46
2449398.5  69.07  0.78
2449401.6  67.06  0.48
2449428.6  65.57  0.83
2449454.5  66.50  0.48
2449486.4  64.37  0.48
2449507.4  65.18  0.73
2449521.3  63.11  0.47
2449541.3  60.68  0.45
2449544.4  59.89  0.73
2449572.3  61.25  0.69
2449598.2  59.52  0.76
2449720.6  71.46  0.49
2449728.6  68.96  0.83
2449773.5  66.88  0.85
2449776.5  66.05  0.51
2449803.6  64.28  0.82
2449812.5  65.92  0.47
2449831.5  66.00  0.93
2449838.5  67.59  0.45
2449868.5  62.72  0.76
2449899.4  63.00  0.45
2449903.4  60.23  0.73
2449921.3  61.56  0.46
2449928.3  57.24  0.83
2449953.3  54.10  0.67
2450053.0  52.24  0.37
2450080.6  57.83  0.73
2450095.9  54.76  0.38
2450112.9  57.36  0.67
2450136.4  58.03  0.41
2450171.5  55.16  0.73
2450204.5  51.70  0.83
2450240.3  50.50  0.42
2450278.3  48.33  0.34
2450300.2  51.30  0.63
2450437.6  57.29  0.83
2450460.5  54.04  0.40
2450485.6  57.12  0.41
2450498.6  59.30  0.85
2450527.5  55.76  0.84
2450579.4  54.44  0.71
2450644.3  57.60  0.81
2450830.6  51.57  0.46
2450867.6  53.13  0.37
2450882.5  52.43  0.83
2450909.4  52.48  0.60
2450961.3  57.70  0.69
2450997.4  56.33  0.68
2451014.4  52.75  0.66
2451016.3  54.18  0.37
2451038.3  53.33  0.61
