2448397.8  73.71  0.71
2448426.3  71.62  2.06
2448706.0  73.67  1.03
2448751.8  73.56  0.92
2448989.0  78.49  0.78
2449045.6  82.69  1.35
2449102.6  79.54  1.21
2449157.3  77.73  0.97
2449386.0  81.06  1.04
2449401.6  78.69  1.19
2449454.5  75.51  0.95
2449486.4  76.46  1.00
2449521.3  73.12  0.98
2449541.3  77.77  0.77
2449720.6  80.00  1.32
2449776.5  76.84  0.85
2449838.5  75.27  1.09
2449899.4  80.95  1.11
2449921.3  79.43  1.06
2450053.0  80.31  0.87
2450095.9  81.66  0.87
2450136.4  75.68  1.22
2450240.3  69.22  0.72
2450278.3  79.38  1.04
2450460.5  78.04  1.09
2450485.6  75.34  0.94
2450830.6  75.23  1.86
2450867.6  75.28  1.03
2451016.3  74.74  1.10
