2448398.8  18.64  0.28
2448705.9  17.78  0.44
2448752.7  14.92  1.62
2449130.4  16.29  0.30
2449386.0  16.03  0.24
2449402.6  14.74  0.40
2449455.5  16.89  0.69
2449520.3  18.27  2.04
2449721.6  18.24  0.81
2449784.4  19.21  0.60
2449814.4  19.60  0.34
2449845.8  22.91  0.42
2449897.3  20.43  0.57
2450094.0  19.10  0.40
2450135.5  21.06  0.28
2450243.8  24.02  0.23
2450279.3  24.24  0.61
2450459.6  21.22  0.46
2450486.5  21.33  0.89
2450581.4  18.36  0.63
2450849.6  19.42  0.49
2450911.5  20.07  1.11
2451002.3  18.68  2.95
