2448397.8  18.72  0.49
2448426.3  20.11  0.59
2448706.0  19.18  0.39
2448751.8  19.29  0.56
2448989.0  18.63  0.30
2449045.6  17.98  0.51
2449102.6  18.33  0.47
2449157.3  19.21  0.34
2449386.0  18.28  0.35
2449401.6  18.00  0.48
2449454.5  18.97  0.48
2449486.4  20.47  0.55
2449521.3  17.93  0.52
2449541.3  18.02  0.48
2449720.6  19.94  0.42
2449776.5  19.37  0.62
2449812.5  17.10  0.48
2449838.5  21.17  0.29
2449899.4  18.35  0.43
2449921.3  18.67  0.52
2450053.0  18.63  0.35
2450095.9  19.00  0.35
2450136.4  19.63  0.39
2450240.3  18.30  0.57
2450278.3  19.50  0.34
2450460.5  17.14  0.44
2450485.6  20.03  0.44
2450830.6  16.89  0.69
2450867.6  18.02  0.41
2451016.3  19.25  0.37
