2448319.5  20.25  0.42
2448398.8  18.72  0.16
2448433.3  21.56  0.42
2448462.2  20.18  0.39
2448705.9  22.92  0.22
2448752.7  23.69  0.65
2448769.5  22.39  0.45
2448805.3  21.10  0.42
2448987.6  19.86  0.39
2449071.5  18.19  0.41
2449130.4  18.48  0.16
2449215.3  18.63  0.50
2449364.6  16.92  0.29
2449386.0  16.19  0.13
2449398.5  18.65  0.30
2449402.6  18.51  0.19
2449428.5  19.54  0.28
2449455.5  20.35  0.30
2449508.3  19.82  0.29
2449508.3  20.05  0.28
2449520.3  19.14  0.82
2449544.4  18.94  0.32
2449572.2  20.66  0.31
2449721.6  23.07  0.34
2449728.6  23.28  0.33
2449773.5  23.01  0.34
2449784.4  22.46  0.27
2449803.6  23.71  0.37
2449814.4  24.64  0.20
2449831.5  23.70  0.38
2449845.8  24.47  0.22
2449868.5  21.93  0.35
2449897.3  22.37  0.26
2449903.3  21.76  0.36
2449928.3  21.81  0.47
2450094.0  22.35  0.21
2450112.9  27.67  0.40
2450135.5  25.39  0.18
2450171.5  24.60  0.37
2450243.8  23.38  0.16
2450279.3  20.90  0.27
2450284.3  19.23  0.56
2450437.6  23.17  0.39
2450459.6  22.88  0.22
2450486.5  24.54  0.38
2450498.6  25.50  0.39
2450527.5  26.92  0.49
2450581.4  20.69  0.28
2450608.4  24.60  0.42
2450655.3  25.04  0.45
2450849.6  24.09  0.23
2450882.4  24.30  0.39
2450909.4  23.96  0.36
2450911.5  23.18  0.46
2450961.3  23.74  0.55
2450997.4  20.10  0.45
2451002.3  23.54  1.17
2451042.8  20.12  0.35
