2448426.4  33.21  1.72
2448735.9  31.36  0.83
2448751.8  35.54  0.94
2449101.6  32.88  0.47
2449159.4  32.27  0.53
2449403.5  31.94  0.35
2449455.6  31.10  0.55
2449487.4  32.59  0.53
2449522.4  34.26  0.67
2449543.3  35.43  0.52
2449744.6  35.34  0.44
2449814.5  33.25  0.36
2449840.5  33.02  0.52
2449900.4  33.58  0.77
2449919.3  32.71  1.18
2450095.9  28.58  0.32
2450135.6  32.71  0.45
2450243.4  32.90  0.43
2450243.8  31.66  0.46
2450278.4  32.59  0.52
2450546.5  34.73  0.36
2450602.4  35.20  0.58
2450659.3  36.94  0.85
2450881.6  35.04  0.75
