2448334.6  54.88  1.29
2448360.5  52.59  0.92
2448424.3  49.60  0.37
2448433.3  51.86  1.16
2448491.3  54.28  1.25
2448735.9  38.28  0.37
2448768.5  42.07  1.14
2448805.4  46.64  1.15
2449102.5  51.89  0.31
2449156.4  49.57  2.04
2449158.4  52.71  0.29
2449215.3  48.26  1.45
2449365.6  36.56  3.57
2449398.6  43.00  0.86
2449429.5  43.50  0.94
2449468.9  41.81  0.54
2449485.4  45.57  0.23
2449508.4  45.19  0.92
2449542.3  45.94  0.22
2449545.4  46.21  0.96
2449599.2  44.90  0.95
2449743.6  54.98  1.14
2449773.5  57.71  1.20
2449777.6  56.12  0.30
2449804.5  57.30  1.13
2449832.5  61.17  1.24
2449870.3  58.20  1.15
2449898.3  54.00  0.33
2449903.4  53.04  1.12
2449920.3  46.27  0.29
2450095.0  49.32  0.28
2450136.5  54.72  0.28
2450171.5  57.97  1.30
2450172.5  57.70  1.19
2450242.4  47.84  0.28
2450267.3  48.99  2.36
2450285.3  52.76  0.47
2450301.3  55.53  1.19
2450523.5  60.46  1.23
2450546.6  59.14  0.33
2450603.4  57.92  0.29
2450608.4  60.93  1.22
2450656.3  60.57  1.28
2450660.3  60.14  0.37
2450691.2  63.71  1.54
2450882.5  69.71  1.38
2450909.4  68.56  1.42
2450961.4  69.20  1.98
2450962.4  70.46  1.37
2450967.4  66.25  0.38
2451024.3  73.22  1.64
2451028.3  75.38  1.48
2451042.8  80.77  1.77
