2448319.6  43.09  0.52
2448413.4  40.26  0.39
2448426.4  44.15  0.71
2448462.4  41.71  0.53
2448490.3  44.21  0.70
2448735.9  42.25  0.35
2448751.8  43.61  0.40
2448768.4  40.23  0.54
2448805.4  38.67  0.54
2449101.6  40.27  0.21
2449155.4  38.50  0.76
2449159.4  39.85  0.23
2449217.3  34.17  0.46
2449397.6  39.37  0.50
2449403.5  37.95  0.16
2449429.5  39.48  0.58
2449455.6  42.86  0.24
2449487.4  47.16  0.24
2449508.4  45.70  0.46
2449522.4  43.71  0.29
2449543.3  42.98  0.23
2449545.4  43.77  0.46
2449572.3  40.46  0.38
2449598.2  40.88  0.41
2449743.6  41.63  0.47
2449744.6  41.20  0.20
2449773.5  40.77  0.46
2449804.5  40.27  0.43
2449814.5  40.13  0.17
2449832.5  40.53  0.45
2449840.5  40.54  0.23
2449869.4  41.23  0.46
2449900.4  40.25  0.32
2449903.4  39.64  0.47
2449919.3  39.33  0.50
2449929.3  38.14  0.65
2449953.3  38.79  0.44
2450095.9  37.61  0.15
2450135.6  40.48  0.20
2450171.5  41.74  0.61
2450172.5  42.18  0.53
2450204.5  43.55  0.55
2450243.4  46.87  0.20
2450243.8  42.54  0.21
2450278.4  49.35  0.23
2450301.3  49.98  0.61
2450527.5  47.32  0.48
2450546.5  46.60  0.17
2450602.4  49.39  0.26
2450655.3  46.27  0.52
2450659.3  46.78  0.36
2450881.6  51.24  0.33
2450882.5  51.07  0.57
2450909.4  51.68  0.41
2450961.4  50.29  1.05
2451010.3  52.53  0.46
2451024.3  51.90  0.47
2451038.3  56.11  0.46
