2448426.4  12.89  2.80
2448735.9  14.35  0.43
2449101.6  12.37  0.95
2449159.4  13.60  0.95
2449403.5  13.04  0.80
2449455.6  12.22  0.91
2449487.4  12.43  0.38
2449522.4  14.21  1.80
2449543.3  13.25  0.58
2449744.6  13.11  0.99
2449814.5  12.87  0.45
2449840.5  11.34  0.93
2449900.4  11.60  1.18
2449919.3  13.03  1.03
2450095.9  13.27  0.63
2450135.6  12.35  0.52
2450243.4  12.86  0.71
2450243.8  14.18  0.76
2450278.4  14.25  1.10
2450546.5  13.75  0.85
2450602.4  15.43  0.89
2450659.3  14.99  1.16
2450881.6  13.22  0.81
