2448426.4  132.0  2.47
2448735.9  131.7  1.67
2448751.8  131.8  0.86
2449101.6  131.0  0.95
2449159.4  130.0  0.76
2449403.5  124.9  0.87
2449455.6  127.1  0.93
2449487.4  129.0  0.65
2449522.4  132.3  1.49
2449543.3  134.8  0.79
2449744.6  134.4  0.60
2449814.5  132.9  0.67
2449840.5  132.5  0.97
2449900.4  132.7  0.80
2449919.3  132.3  0.95
2450095.9  125.8  0.49
2450135.6  129.5  0.61
2450243.4  134.7  0.49
2450243.8  133.6  0.68
2450278.4  136.8  0.76
2450546.5  137.9  0.87
2450602.4  142.4  0.75
2450659.3  143.5  1.48
2450881.6  139.7  0.83
