2448397.9  29.43  0.37
2448412.5  29.26  0.47
2448413.5  28.61  0.56
2448425.4  27.93  0.36
2448426.5  28.73  0.29
2448461.4  32.97  0.43
2448461.4  32.12  0.52
2448490.4  32.97  0.41
2448545.6  35.03  0.29
2448735.9  37.50  0.23
2448752.9  39.13  0.34
2448768.5  38.60  0.72
2448804.5  38.51  0.74
2448835.4  37.38  0.32
2448868.3  38.31  0.82
2448924.2  40.83  0.65
2449070.6  31.92  0.57
2449095.6  31.98  0.25
2449155.5  31.09  0.62
2449157.5  30.53  0.26
2449216.3  32.69  0.61
2449220.3  33.42  0.21
2449249.3  36.70  0.23
2449251.3  36.38  0.53
2449282.6  41.46  0.21
2449398.6  39.07  0.50
2449426.6  37.80  0.25
2449429.6  38.79  0.52
2449453.5  37.24  0.21
2449487.5  37.04  0.19
2449507.4  38.74  0.39
2449519.4  38.16  0.23
2449541.4  38.53  0.20
2449544.4  38.55  0.39
2449569.3  39.36  0.20
2449572.3  39.38  0.37
2449597.3  39.33  0.20
2449597.7  39.69  0.18
2449598.3  39.04  0.45
2449621.2  38.03  0.46
2449743.6  34.08  0.43
2449773.6  36.40  0.39
2449784.5  35.32  0.23
2449803.6  35.58  0.51
2449805.6  36.13  0.41
2449813.5  35.95  0.21
2449828.9  35.14  0.18
2449831.6  34.38  0.44
2449838.6  34.78  0.23
2449868.5  31.67  0.40
2449876.5  30.50  0.19
2449897.4  30.47  0.19
2449903.4  31.81  0.41
2449915.8  30.99  0.16
2449919.4  31.56  0.19
2449928.4  31.73  0.41
2449953.3  33.50  0.35
2449962.3  34.32  0.22
2449981.3  33.59  0.43
2449984.2  32.76  0.21
2449989.6  33.20  0.23
2450008.2  33.85  0.57
2450191.6  35.44  0.29
2450198.9  35.38  0.16
2450204.6  35.18  0.45
2450241.3  32.45  0.19
2450244.9  32.02  0.15
2450287.8  31.08  0.14
2450301.4  31.15  0.47
2450310.3  30.99  0.32
2450313.3  32.43  0.24
2450332.7  31.64  0.16
2450357.2  32.02  0.41
2450579.5  34.06  0.44
2450580.5  34.15  0.44
2450643.5  36.34  0.36
2450644.3  36.51  0.45
2450671.2  36.07  0.42
2450685.3  37.67  0.26
2450909.5  45.12  0.38
2450918.5  45.25  0.45
2450947.4  42.95  0.46
2450967.5  43.50  0.24
2450980.5  44.21  0.39
2451001.4  43.95  0.39
2451014.4  44.54  0.48
2451027.4  44.08  0.30
2451038.3  45.41  0.36
2451051.3  45.06  0.31
2451073.2  44.95  0.33
