2448425.4  97.56  2.84
2448426.5  92.85  2.44
2448835.4  82.95  2.63
2449095.6  88.99  1.78
2449157.5  86.55  2.00
2449220.3  84.24  2.25
2449249.3  92.82  3.20
2449282.6  106.4  1.93
2449426.6  98.57  2.76
2449453.5  94.61  2.32
2449487.5  97.58  1.66
2449519.4  99.50  2.31
2449541.4  99.08  1.22
2449569.3  99.03  1.40
2449597.3  99.10  1.56
2449597.7  101.7  1.43
2449784.5  98.30  2.10
2449813.5  99.26  1.43
2449828.9  102.9  1.26
2449838.6  101.8  1.34
2449876.5  99.83  1.35
2449897.4  97.39  2.12
2449915.8  94.91  1.03
2449919.4  95.62  2.24
2449962.3  94.18  1.63
2449984.2  94.83  1.48
2449989.6  98.77  0.76
2450191.6  102.7  2.82
2450198.9  103.9  1.05
2450241.3  99.26  1.91
2450244.9  104.4  1.49
2450287.8  98.15  1.15
2450310.3  93.22  3.76
2450313.3  93.76  1.65
2450332.7  94.73  1.01
2450580.5  81.86  4.07
2450643.5  88.33  1.76
2450685.3  95.38  2.13
2450918.5  103.1  5.22
2450967.5  103.1  1.33
2451001.4  100.7  3.86
2451027.4  100.6  2.58
2451051.3  101.4  1.32
2451073.2  104.6  3.28
