2448397.9  12.52  0.17
2448452.3  11.28  2.21
2448545.6  12.58  0.51
2448736.0  14.73  0.36
2449100.6  13.56  0.77
2449160.0  13.06  0.34
2449218.3  14.85  0.61
2449222.3  12.03  0.64
2449403.6  15.48  0.28
2449454.6  14.25  0.34
2449468.9  14.19  0.47
2449486.5  15.36  0.27
2449520.4  15.52  0.58
2449543.4  14.48  0.32
2449570.3  16.18  0.42
2449596.7  16.28  0.28
2449813.6  15.84  0.25
2449839.5  15.45  0.41
2449898.4  16.28  0.36
2449920.4  15.68  0.78
2449963.3  16.59  1.24
2449983.2  15.25  0.45
2450198.9  12.83  0.16
2450259.3  15.14  0.32
2450312.3  14.78  0.50
2450604.4  11.34  0.26
2450660.4  12.21  0.53
2450661.3  12.22  0.43
2450686.3  11.99  0.53
2450927.6  11.70  1.61
2450975.4  14.60  1.55
2451002.4  10.00  2.60
2451052.3  13.40  0.54
2451085.2  15.19  1.11
