2448362.6  12.00  1.09
2448378.6  12.60  0.20
2448397.9  13.04  0.09
2448412.5  13.06  0.16
2448412.5  12.55  0.14
2448452.3  12.37  0.67
2448461.4  12.60  0.26
2448491.3  14.92  0.21
2448545.6  17.33  0.18
2448736.0  16.28  0.14
2448768.6  14.69  0.37
2448804.5  14.29  0.32
2448869.3  13.01  0.36
2449071.6  14.29  0.24
2449100.6  13.71  0.24
2449160.0  10.68  0.12
2449215.4  11.75  0.29
2449218.3  10.87  0.20
2449222.3  12.03  0.20
2449251.3  14.16  0.20
2449398.6  17.75  0.21
2449403.6  17.52  0.13
2449429.6  18.29  0.16
2449454.6  16.32  0.14
2449468.9  18.06  0.18
2449486.5  18.11  0.13
2449508.5  18.54  0.16
2449520.4  19.20  0.20
2449543.4  20.58  0.16
2449544.4  20.71  0.14
2449570.3  22.31  0.18
2449573.4  21.62  0.14
2449596.7  20.04  0.15
2449598.2  20.70  0.15
2449621.2  20.20  0.32
2449743.6  16.19  0.20
2449773.6  16.58  0.16
2449804.5  16.95  0.17
2449813.6  16.30  0.12
2449831.6  16.31  0.18
2449839.5  16.71  0.16
2449868.5  16.93  0.14
2449898.4  16.92  0.14
2449903.4  17.02  0.19
2449920.4  15.91  0.26
2449928.4  16.47  0.21
2449954.4  15.09  0.38
2449963.3  16.30  0.38
2449982.2  15.65  0.20
2449983.2  15.89  0.16
2450008.2  15.28  0.40
2450198.9  17.26  0.11
2450204.6  18.61  0.27
2450259.3  18.90  0.15
2450301.4  15.91  0.21
2450312.3  16.08  0.17
2450357.2  14.66  0.12
2450604.4  13.08  0.10
2450608.4  13.14  0.14
2450656.5  12.90  0.38
2450660.4  14.02  0.17
2450661.3  13.88  0.15
2450671.2  14.24  0.22
2450686.3  14.98  0.18
2450909.5  11.33  0.07
2450927.6  11.67  0.49
2450947.4  11.04  0.25
2450975.4  10.32  0.47
2450980.5  11.13  0.15
2451002.4  12.21  0.79
2451014.4  10.93  0.04
2451038.3  12.66  0.10
2451052.3  12.70  0.17
2451085.2  12.12  0.33
