2448397.9  21.68  0.93
2448425.4  21.54  0.91
2448426.5  18.67  0.70
2448545.6  20.98  0.67
2448735.9  22.52  0.49
2448752.9  23.11  0.80
2448835.4  19.91  0.75
2449095.6  18.70  0.56
2449157.5  17.81  0.58
2449220.3  17.47  0.40
2449249.3  20.19  0.44
2449282.6  22.43  0.32
2449426.6  19.13  0.51
2449453.5  19.20  0.35
2449487.5  20.99  0.24
2449519.4  20.75  0.41
2449541.4  19.80  0.24
2449569.3  19.22  0.25
2449597.3  20.60  0.26
2449597.7  20.03  0.21
2449784.5  20.55  0.44
2449813.5  19.92  0.34
2449828.9  21.10  0.31
2449838.6  19.73  0.45
2449876.5  20.31  0.37
2449897.4  20.24  0.38
2449915.8  20.68  0.26
2449919.4  19.17  0.34
2449962.3  18.65  0.43
2449984.2  19.88  0.38
2449989.6  20.12  0.50
2450191.6  20.70  0.64
2450198.9  21.55  0.16
2450241.3  21.17  0.31
2450244.9  21.10  0.22
2450287.8  21.58  0.18
2450310.3  18.04  0.81
2450313.3  20.12  0.51
2450332.7  18.21  0.23
2450580.5  18.14  1.12
2450643.5  18.13  0.86
2450685.3  17.74  0.52
2450918.5  20.03  1.07
2450967.5  20.70  0.36
2451001.4  20.90  0.94
2451027.4  21.06  0.60
2451051.3  21.54  0.63
2451073.2  21.31  0.72
