2448362.6  44.25  5.79
2448736.0  50.01  0.66
2449100.6  49.28  0.99
2449160.0  45.94  1.07
2449218.3  48.40  0.90
2449222.3  44.13  0.94
2449403.6  49.85  1.13
2449454.6  48.52  0.69
2449468.9  53.56  0.63
2449486.5  52.06  0.46
2449520.4  53.24  1.01
2449543.4  52.62  0.57
2449570.3  52.45  0.70
2449596.7  55.02  0.47
2449813.6  54.87  0.63
2449839.5  54.85  0.72
2449898.4  53.93  0.84
2449920.4  55.39  0.76
2449963.3  56.42  1.02
2449983.2  56.93  0.69
2450198.9  51.46  0.42
2450259.3  53.84  0.65
2450312.3  54.33  1.00
2450604.4  44.52  0.81
2450660.4  47.01  1.01
2450661.3  45.36  0.87
2450686.3  46.94  0.93
2450927.6  48.52  2.64
2450975.4  46.82  2.31
2451002.4  45.53  1.81
2451052.3  47.32  0.91
2451085.2  50.37  2.52
