2448397.9   2.55  0.50
2448545.6   3.69  0.64
2448736.0   4.03  1.08
2449100.6   3.86  1.48
2449160.0   2.90  0.69
2449218.3   2.21  1.68
2449222.3   3.11  1.08
2449403.6   5.09  0.87
2449454.6   4.06  0.91
2449468.9   4.38  0.93
2449486.5   4.53  0.42
2449543.4   5.06  0.49
2449570.3   4.73  0.56
2449596.7   5.42  0.23
2449813.6   5.28  0.57
2449839.5   4.85  0.60
2449898.4   4.49  0.76
2449920.4   5.63  0.71
2449963.3   6.07  1.14
2449983.2   5.49  0.98
2450198.9   4.22  0.26
2450259.3   4.78  1.01
2450312.3   5.30  1.05
2450604.4   2.50  0.68
2450660.4   3.22  0.57
2450661.3   2.85  0.99
2450686.3   3.89  0.67
2450927.6   3.51  4.39
2450975.4   3.19  3.21
2451002.4   3.45  4.54
2451052.3   5.01  1.03
2451085.2   5.49  3.04
