2448424.5  18.63  1.01
2448545.7  18.91  0.50
2449158.5  18.93  0.37
2449221.4  19.14  0.98
2449250.3  18.22  0.60
2449281.6  18.04  0.41
2449468.9  18.10  0.47
2449519.5  17.41  1.90
2449522.5  18.99  0.37
2449542.4  18.60  0.55
2449570.4  19.34  0.35
2449596.3  19.56  0.59
2449596.7  18.77  0.36
2449839.6  17.77  0.90
2449840.6  19.52  0.52
2449897.6  19.06  0.76
2449915.9  18.91  0.37
2449921.4  18.22  0.49
2449963.3  19.13  0.94
2449984.3  17.61  0.97
2450051.6  19.38  0.33
2450198.9  17.14  0.35
2450244.0  16.47  0.47
2450279.4  18.91  0.61
2450287.8  17.80  0.34
2450311.3  18.94  0.94
2450581.5  17.98  0.98
2450602.5  19.47  1.03
2450659.4  20.29  0.87
2450685.4  19.06  0.97
2450717.3  19.72  0.77
2450747.2  19.66  0.96
2450918.6  20.94  2.82
2450958.4  19.56  0.79
2451016.5  20.84  0.95
2451051.4  20.62  1.08
2451084.2  18.96  0.92
