2448378.6  25.51  0.44
2448412.6  24.70  0.31
2448424.5  26.32  0.26
2448450.4  25.11  0.66
2448461.4  24.88  0.27
2448491.3  24.85  0.31
2448545.7  24.43  0.15
2448769.5  24.71  0.35
2448804.4  23.90  0.47
2448868.3  24.35  0.54
2448925.2  23.81  0.38
2449099.5  27.96  1.41
2449158.5  25.37  0.12
2449191.5  24.16  0.40
2449216.4  23.45  0.48
2449220.4  26.35  0.35
2449221.4  25.59  0.25
2449250.3  26.38  0.17
2449251.3  24.00  0.42
2449280.2  23.91  0.41
2449281.6  23.06  0.13
2449468.9  22.42  0.14
2449507.5  22.86  0.20
2449519.5  23.97  0.47
2449522.5  22.73  0.12
2449542.4  23.55  0.15
2449545.5  22.40  0.24
2449570.4  23.37  0.12
2449572.4  22.86  0.19
2449596.3  23.20  0.16
2449596.7  22.07  0.11
2449598.3  22.13  0.21
2449621.3  21.96  0.42
2449667.2  22.32  0.21
2449804.6  22.00  0.25
2449832.5  22.32  0.21
2449839.6  22.35  0.21
2449840.6  21.83  0.14
2449869.5  22.22  0.26
2449897.6  22.03  0.20
2449903.5  22.17  0.22
2449915.9  22.10  0.12
2449921.4  22.27  0.14
2449929.4  22.48  0.22
2449953.4  22.47  0.26
2449963.3  22.12  0.24
2449981.3  22.54  0.26
2449984.3  21.99  0.24
2450007.2  22.24  0.35
2450051.6  22.35  0.11
2450198.9  22.00  0.11
2450244.0  22.08  0.13
2450279.4  23.08  0.16
2450287.8  23.44  0.11
2450301.4  23.98  0.28
2450311.3  23.38  0.24
2450352.2  24.80  0.29
2450581.5  25.02  0.24
2450602.5  25.18  0.26
2450609.5  24.50  0.34
2450655.4  25.23  0.29
2450659.4  24.53  0.22
2450685.4  25.09  0.24
2450690.4  24.97  0.25
2450717.3  25.91  0.21
2450725.2  25.67  0.32
2450725.2  25.53  0.32
2450747.2  25.56  0.24
2450782.2  24.88  0.50
2450909.5  25.44  0.27
2450918.6  24.99  0.67
2450947.4  25.31  0.39
2450958.4  25.48  0.21
2450980.5  25.92  0.42
2451014.4  25.73  0.36
2451016.5  25.82  0.24
2451038.3  25.92  0.26
2451051.4  25.93  0.27
2451081.4  24.38  0.30
2451084.2  25.09  0.23
