2448424.5   0.56  0.83
2449281.7   1.05  0.15
2449469.0   0.63  0.24
2449521.5   1.31  0.18
2449563.8   0.87  0.12
2449571.4   0.77  0.35
2449596.8   0.62  0.10
2449597.4   0.74  0.18
2449922.4   1.09  0.34
2449964.3   1.62  0.50
2449989.7   1.03  0.10
2450052.6   1.01  0.13
2450199.0   1.01  0.08
2450243.9   0.65  0.22
2450287.9   0.60  0.08
2450312.4   1.41  0.43
2450390.6   0.74  0.08
2450604.5   1.29  0.20
2450687.3   1.26  0.28
2450975.5   1.63  0.55
2451052.4   1.36  0.36
2451085.3   1.22  0.61
