2448334.6  21.95  0.47
2448371.5  23.12  0.61
2448382.4  23.60  0.26
2448412.6  23.28  0.32
2448413.3  23.49  0.33
2448424.5  22.42  0.19
2448461.5  22.81  0.23
2448491.3  23.22  0.27
2448491.4  22.22  0.27
2448521.3  22.54  0.30
2448769.5  21.70  0.34
2448803.6  22.94  0.30
2448804.4  22.87  0.53
2448838.4  24.17  0.27
2448865.4  24.04  0.46
2448868.4  23.87  0.58
2448922.2  25.66  0.47
2448925.2  25.05  0.52
2449099.6  21.02  1.30
2449191.5  23.73  0.31
2449216.4  24.11  0.51
2449251.3  22.94  0.37
2449280.2  21.44  0.47
2449281.7  21.98  0.12
2449469.0  19.31  0.16
2449507.5  20.14  0.16
2449521.5  20.33  0.13
2449545.5  20.34  0.20
2449563.8  19.83  0.11
2449571.4  20.73  0.15
2449572.4  20.68  0.20
2449596.8  19.97  0.12
2449597.4  20.36  0.12
2449597.8  20.16  0.11
2449598.3  20.66  0.18
2449621.3  21.46  0.35
2449667.2  20.59  0.22
2449805.6  19.38  0.18
2449847.5  18.96  0.17
2449869.5  18.96  0.21
2449904.5  18.88  0.18
2449922.4  19.01  0.17
2449929.4  18.74  0.18
2449953.4  18.15  0.20
2449964.3  18.08  0.22
2449981.3  18.33  0.23
2449989.7  17.90  0.10
2450007.2  17.67  0.32
2450052.6  17.92  0.10
2450199.0  16.05  0.09
2450243.9  15.59  0.15
2450287.9  16.34  0.09
2450300.4  18.22  0.18
2450312.4  18.32  0.25
2450352.3  19.89  0.28
2450390.6  18.29  0.10
2450604.5  21.34  0.15
2450661.4  22.36  0.17
2450687.3  22.42  0.20
2450782.2  26.91  0.35
2450975.5  27.96  0.31
2451001.5  28.80  0.59
2451052.4  26.50  0.23
2451085.3  26.53  0.45
