2448424.5   3.20  0.47
2449281.7   2.94  0.10
2449469.0   3.34  0.24
2449521.5   3.43  0.13
2449563.8   3.67  0.18
2449571.4   3.72  0.24
2449596.8   3.58  0.19
2449597.4   3.55  0.19
2449597.8   3.19  0.21
2449922.4   3.57  0.21
2449964.3   3.19  0.25
2449989.7   2.83  0.17
2450052.6   3.00  0.14
2450199.0   3.05  0.07
2450243.9   2.51  0.10
2450287.9   3.27  0.13
2450312.4   3.04  0.32
2450390.6   2.43  0.05
2450604.5   3.00  0.25
2450661.4   2.99  0.43
2450687.3   2.97  0.28
2450975.5   3.43  0.44
2451052.4   3.97  0.24
2451085.3   2.36  0.40
