2448420.9  22.44  0.26
2448426.5  21.22  0.95
2448567.3  22.01  0.89
2448836.4  24.28  1.14
2448884.9  16.52  1.01
2449159.1  20.32  2.30
2449221.5  18.63  0.72
2449249.4  23.04  1.65
2449305.3  20.56  1.81
2449306.3  23.25  1.33
2449326.3  22.67  2.10
2449520.5  20.49  2.42
2449541.5  20.26  2.06
2449569.4  20.12  1.64
2449571.5  24.62  2.57
2449596.4  20.04  1.79
2449596.8  22.35  1.30
2449597.8  22.18  0.95
2449661.2  21.68  2.74
2449664.2  23.63  2.94
2449680.6  25.52  1.50
2449876.6  25.69  1.60
2449898.5  26.62  2.07
2449899.5  26.17  1.72
2449915.9  27.37  1.37
2449919.5  23.33  1.37
2449920.5  29.29  1.03
2449962.4  25.88  1.99
2449964.4  25.04  2.09
2449983.4  22.79  1.76
2449989.8  22.38  1.07
2450051.6  25.48  1.55
2450052.6  24.05  1.70
2450245.0  22.27  1.45
2450277.4  26.11  1.31
2450311.5  25.95  1.45
2450332.8  22.20  1.47
2450371.4  25.35  1.73
2450401.2  26.97  2.25
2450428.2  23.62  2.44
2450603.5  22.99  1.93
2450659.5  21.83  1.83
2450661.5  18.37  3.32
2450686.4  22.21  1.10
2450716.3  23.32  1.84
2450746.3  20.39  1.28
2450771.2  20.80  1.87
2450958.5  19.35  2.33
2451000.4  19.89  3.33
2451051.5  23.84  2.33
2451052.5  20.36  1.67
2451056.3  20.41  4.80
2451074.3  20.09  2.96
2451084.3  16.64  2.07
