2448399.0  47.53  0.68
2448420.9  47.03  0.50
2448426.5  52.52  1.25
2448545.7  50.23  1.50
2448567.3  46.86  0.80
2448753.0  40.01  0.27
2448836.4  44.46  1.61
2448884.9  44.16  0.45
2449159.1  44.25  0.53
2449218.5  53.07  0.71
2449221.5  50.25  0.75
2449249.4  56.31  0.50
2449279.3  52.78  0.54
2449305.3  52.66  0.86
2449306.3  51.44  0.86
2449326.3  49.57  0.70
2449520.5  50.25  0.71
2449541.5  48.15  0.32
2449563.9  44.92  0.53
2449569.4  49.84  0.38
2449571.5  49.46  0.52
2449596.4  52.48  0.44
2449596.8  53.22  0.28
2449597.8  48.83  0.41
2449661.2  52.83  0.42
2449664.2  55.47  0.89
2449680.6  56.48  0.57
2449876.6  59.16  0.73
2449898.5  56.05  0.58
2449899.5  57.04  0.41
2449915.9  56.02  0.49
2449919.5  56.19  0.44
2449920.5  58.81  0.78
2449962.4  56.15  0.48
2449964.4  52.53  0.52
2449983.4  53.12  0.40
2449989.8  51.10  0.28
2450017.3  55.26  0.49
2450051.2  56.07  0.76
2450051.6  59.59  0.35
2450052.6  57.95  0.36
2450245.0  56.86  0.39
2450277.4  55.95  0.45
2450287.9  52.26  0.39
2450311.5  56.76  0.37
2450332.8  53.77  0.26
2450371.4  55.77  0.44
2450401.2  56.02  0.44
2450428.2  51.95  0.62
2450603.5  53.97  0.59
2450659.5  47.91  0.62
2450661.5  46.66  0.60
2450686.4  46.95  0.45
2450716.3  46.37  0.82
2450746.3  46.87  0.47
2450771.2  45.16  0.62
2450958.5  45.30  0.85
2450987.5  46.94  1.76
2451000.4  47.40  0.93
2451051.5  45.50  0.43
2451052.5  46.20  0.62
2451056.3  48.39  0.71
2451074.3  46.32  0.75
2451084.3  47.88  0.64
