2448382.5  44.53  0.64
2448399.0  45.74  0.39
2448412.5  48.38  0.69
2448413.5  49.08  0.96
2448420.9  49.78  0.31
2448426.5  49.34  0.69
2448461.5  48.85  0.77
2448490.4  49.12  0.61
2448520.3  52.46  0.86
2448545.7  50.55  0.82
2448551.3  49.32  0.81
2448567.3  49.09  0.46
2448753.0  42.47  0.19
2448769.5  45.43  0.66
2448804.5  47.84  0.79
2448836.4  42.34  0.87
2448868.4  42.84  1.28
2448884.9  45.86  0.28
2448925.2  48.17  0.85
2448980.2  48.27  0.86
2449155.5  48.41  0.95
2449159.1  50.21  0.33
2449215.4  48.41  0.70
2449218.5  51.69  0.41
2449221.5  48.92  0.43
2449249.4  57.95  0.33
2449251.3  49.89  0.71
2449279.3  55.71  0.33
2449280.2  49.49  1.22
2449300.2  46.66  0.75
2449305.3  47.49  0.48
2449306.3  46.00  0.48
2449326.3  48.73  0.41
2449507.5  52.55  0.71
2449520.5  49.36  0.41
2449541.5  52.89  0.25
2449544.5  53.75  0.81
2449563.9  57.42  0.33
2449569.4  58.70  0.28
2449571.5  58.90  0.34
2449572.4  59.20  0.99
2449596.4  56.76  0.31
2449596.8  55.29  0.23
2449597.8  53.91  0.27
2449598.3  54.70  0.71
2449621.4  54.14  0.88
2449660.2  58.85  1.24
2449661.2  60.49  0.30
2449664.2  63.19  0.53
2449680.6  63.61  0.36
2449832.6  56.88  0.77
2449868.6  53.66  0.70
2449869.5  52.05  0.78
2449876.6  51.36  0.42
2449898.5  51.54  0.35
2449899.5  52.04  0.28
2449915.9  49.03  0.29
2449919.5  49.72  0.28
2449920.5  49.80  0.45
2449928.4  48.89  0.68
2449953.4  49.40  0.69
2449962.4  50.49  0.29
2449964.4  49.96  0.32
2449981.4  50.50  0.71
2449983.4  50.00  0.27
2449989.8  49.66  0.21
2450006.3  53.21  0.81
2450017.3  53.20  0.31
2450051.2  52.06  0.44
2450051.6  53.80  0.24
2450052.6  53.35  0.24
2450073.2  51.26  0.80
2450245.0  49.25  0.25
2450277.4  52.99  0.30
2450287.9  47.61  0.25
2450300.4  50.74  0.76
2450311.5  52.25  0.26
2450332.8  50.54  0.20
2450343.3  50.42  0.70
2450354.3  46.84  0.77
2450371.4  47.39  0.28
2450376.4  49.51  1.05
2450401.2  48.21  0.29
2450403.2  49.35  0.78
2450428.2  49.92  0.37
2450436.2  47.97  0.75
2450579.6  48.79  0.68
2450603.5  47.66  0.35
2450655.4  48.78  0.73
2450659.5  47.96  0.37
2450661.5  49.06  0.36
2450671.3  46.06  0.97
2450686.4  44.61  0.28
2450716.3  45.13  0.47
2450726.2  43.20  0.71
2450746.3  45.40  0.29
2450771.2  45.97  0.37
2450781.2  44.55  0.83
2450947.5  44.91  2.09
2450958.5  43.08  0.48
2450980.6  45.10  0.55
2450987.5  45.61  0.95
2451000.4  41.90  0.52
2451014.4  45.29  0.55
2451038.4  50.60  0.80
2451051.5  46.75  0.28
2451052.5  47.96  0.37
2451056.3  47.80  0.41
2451074.3  44.86  0.43
2451081.4  46.35  0.86
2451084.3  46.16  0.37
