2448399.0  157.7  0.91
2448420.9  165.1  0.89
2448426.5  164.0  1.90
2448545.7  158.1  0.95
2448567.3  157.5  2.09
2448753.0  141.0  0.87
2448836.4  154.5  2.29
2448884.9  147.7  0.90
2449159.1  151.3  0.87
2449218.5  157.7  1.24
2449221.5  160.1  0.95
2449249.4  174.3  1.63
2449279.3  177.2  1.68
2449305.3  169.1  1.07
2449306.3  163.9  1.00
2449326.3  157.1  1.49
2449520.5  161.8  0.86
2449541.5  156.7  0.87
2449563.9  156.4  1.20
2449569.4  158.2  0.90
2449571.5  157.3  1.05
2449596.4  165.0  1.12
2449596.8  167.1  0.82
2449597.8  158.0  0.78
2449661.2  168.8  1.40
2449664.2  168.9  1.12
2449680.6  173.8  0.89
2449876.6  186.8  1.38
2449898.5  180.5  1.34
2449899.5  181.6  1.22
2449915.9  182.8  0.96
2449919.5  177.3  0.98
2449920.5  177.3  1.21
2449962.4  174.2  1.23
2449964.4  174.1  0.94
2449983.4  172.1  1.31
2449989.8  168.3  0.91
2450017.3  173.6  1.37
2450051.2  184.6  1.76
2450051.6  181.8  0.89
2450052.6  177.4  1.01
2450245.0  192.2  0.96
2450277.4  175.4  0.99
2450287.9  175.1  0.83
2450311.5  179.9  1.09
2450332.8  185.0  0.79
2450371.4  180.9  1.27
2450401.2  182.3  1.25
2450428.2  176.2  1.33
2450603.5  175.1  1.10
2450659.5  168.6  1.05
2450661.5  168.3  1.34
2450686.4  165.9  1.06
2450716.3  170.8  1.33
2450746.3  163.3  1.14
2450771.2  165.0  1.33
2450958.5  154.7  1.43
2450987.5  167.0  2.90
2451000.4  157.7  1.19
2451051.5  160.0  1.11
2451052.5  158.4  0.93
2451056.3  161.4  1.42
2451074.3  163.1  1.26
2451084.3  161.5  1.03
