0.0 11.52 0.23
4.550000000279397 10.97 0.49
8.03000000026077 10.77 0.27
8.959999999962747 10.33 0.21
16.97000000020489 8.56 0.17
20.550000000279397 8.2 0.37
25.040000000037253 8.18 0.2
29.950000000186265 8.18 0.33
30.950000000186265 8.3 0.33
33.950000000186265 8.15 0.33
35.950000000186265 7.7 0.31
36.950000000186265 8.39 0.34
42.950000000186265 8.14 0.16
49.93000000016764 8.28 0.17
50.950000000186265 7.98 0.32
51.950000000186265 8.2 0.33
52.950000000186265 8.28 0.33
54.0500000002794 7.87 0.31
57.87000000011176 8.55 0.17
57.950000000186265 8.97 0.36
59.950000000186265 9.9 0.4
60.950000000186265 9.78 0.39
62.950000000186265 9.48 0.38
63.950000000186265 9.57 0.38
64.95000000018626 9.4 0.38
65.95000000018626 9.41 0.38
66.95000000018626 9.89 0.4
67.95000000018626 9.41 0.38
74.91000000014901 9.97 0.2
78.86000000033528 9.95 0.2
79.95000000018626 10.17 0.41
80.85000000009313 10.21 0.41
81.95000000018626 10.3 0.41
83.95000000018626 9.94 0.2
84.95000000018626 9.61 0.38
85.95000000018626 9.5 0.38
86.95000000018626 9.83 0.39
87.95000000018626 9.7 0.39
88.95000000018626 10.53 0.42
89.95000000018626 9.09 0.36
90.85000000009313 8.94 0.36
91.45000000018626 8.93 0.4
92.82000000029802 8.77 0.17
92.95000000018626 9.19 0.37
98.85000000009313 8.35 0.17
105.82000000029802 8.38 0.17
109.5500000002794 10.01 0.5
111.45000000018626 9.49 0.43
112.45000000018626 9.73 0.44
117.45000000018626 10.06 0.45
120.79000000003725 10.09 0.2
123.89000000013039 10.41 0.42
124.8000000002794 9.78 0.2
124.94000000040978 10.51 0.42
125.94000000040978 10.44 0.42
126.93000000016764 9.73 0.39
131.82000000029802 10.77 0.22
140.94000000040978 12.71 0.51
141.81000000005588 12.41 0.25
141.93000000016764 11.94 0.48
144.35000000009313 12.0 0.54
144.94000000040978 12.17 0.49
145.93000000016764 12.23 0.49
146.94000000040978 11.96 0.48
147.8000000002794 11.98 0.24
147.93000000016764 11.98 0.48
148.93000000016764 12.63 0.5
149.94000000040978 11.74 0.47
154.79000000003725 11.13 0.22
154.90000000037253 11.6 0.46
155.79000000003725 10.55 0.42
156.35000000009313 10.56 0.47
157.25 10.27 0.46
162.82000000029802 10.8 0.22
168.45000000018626 10.42 0.47
168.81000000005588 10.5 0.42
168.82000000029802 10.3 0.21
169.35000000009313 10.16 0.46
169.81000000005588 10.77 0.43
171.35000000009313 10.01 0.45
174.5800000000745 10.43 0.42
175.5800000000745 9.77 0.39
176.5800000000745 9.61 0.38
176.75 9.08 0.18
177.60000000009313 9.86 0.39
178.61000000033528 9.61 0.38
179.60000000009313 9.64 0.39
180.35000000009313 9.3 0.42
181.59000000031665 9.09 0.36
182.35000000009313 9.8 0.44
182.59000000031665 8.98 0.36
183.8000000002794 9.09 0.18
186.59000000031665 8.8 0.35
187.59000000031665 9.11 0.36
189.79000000003725 9.32 0.19
196.59000000031665 8.72 0.35
197.79000000003725 9.41 0.19
198.59000000031665 9.18 0.37
201.35000000009313 9.73 0.44
203.35000000009313 9.98 0.45
203.65000000037253 10.14 0.41
204.79000000003725 10.25 0.2
206.68000000016764 10.04 0.4
207.60000000009313 10.1 0.4
208.60000000009313 10.42 0.42
209.60000000009313 10.1 0.4
209.7200000002049 10.77 0.22
210.60000000009313 10.25 0.41
211.60000000009313 10.18 0.41
212.45000000018626 11.04 0.5
212.60000000009313 11.28 0.45
212.85000000009313 11.42 0.29
213.61000000033528 11.21 0.45
214.35000000009313 11.78 0.53
214.60000000009313 11.19 0.45
215.60000000009313 10.94 0.44
218.70999999996275 11.98 0.24
226.61000000033528 11.7 0.47
229.72999999998137 12.15 0.24
232.35000000009313 13.42 0.6
233.35000000009313 12.64 0.57
236.60000000009313 13.01 0.52
236.69000000040978 13.08 0.26
237.61000000033528 12.57 0.5
238.60000000009313 13.15 0.53
239.61000000033528 12.71 0.51
240.35000000009313 13.11 0.59
240.61000000033528 12.92 0.52
241.35000000009313 13.18 0.59
242.35000000009313 13.06 0.59
243.60000000009313 12.86 0.51
244.60000000009313 12.25 0.49
245.6300000003539 12.82 0.51
261.65000000037253 12.09 0.3
271.25 12.14 0.55
292.5500000002794 13.36 0.33
295.15000000037253 13.42 0.6
300.15000000037253 13.89 0.62
306.5500000002794 14.29 0.29
314.5500000002794 13.86 0.28
317.5500000002794 13.94 0.35
318.15000000037253 14.35 0.65
328.15000000037253 14.06 0.63
329.15000000037253 13.84 0.62
390.5500000002794 11.66 0.29
392.9799999999814 10.81 0.22
406.9900000002235 9.35 0.47
413.9900000002235 9.65 0.48
414.9900000002235 9.07 0.45
420.9900000002235 9.29 0.47
422.570000000298 9.17 0.29
423.570000000298 9.03 0.31
435.90000000037253 8.3 0.17
436.0 7.98 0.4
437.0 8.18 0.41
438.0 7.58 0.38
438.5800000000745 9.01 0.22
438.9900000002235 7.59 0.38
439.4799999999814 7.18 0.21
441.8600000003353 7.61 0.38
441.95999999996275 7.93 0.16
442.9900000002235 6.91 0.35
443.5 7.58 0.37
446.93000000016764 7.49 0.37
447.4799999999814 6.84 0.15
449.87000000011176 7.1 0.14
450.0 7.3 0.37
451.51000000024214 6.78 0.17
455.90000000037253 6.95 0.14
462.8100000000559 7.61 0.15
465.4400000004098 7.8 0.31
465.51000000024214 7.42 0.19
465.9400000004098 7.3 0.37
466.4400000004098 7.8 0.31
470.8300000000745 7.15 0.14
474.4799999999814 7.73 0.25
475.4700000002049 7.53 0.39
475.79000000003725 7.2 0.36
476.8300000000745 7.95 0.16
476.8600000003353 6.83 0.34
477.42000000039116 7.88 0.19
477.7400000002235 8.29 0.41
478.45000000018626 6.43 0.13
478.5 7.5 0.19
483.820000000298 7.7 0.15
490.8300000000745 8.44 0.17
503.28000000026077 8.58 0.5
504.7299999999814 7.43 0.37
505.3900000001304 8.93 0.73
505.79000000003725 8.48 0.42
505.87000000011176 8.08 0.16
506.17000000039116 8.55 0.04
506.7700000000186 7.67 0.38
507.7200000002049 7.53 0.38
508.8000000002794 7.2 0.36
509.2700000000186 7.01 0.41
511.4799999999814 8.36 0.21
511.5 7.83 0.26
523.8100000000559 7.57 0.38
524.3700000001118 7.97 0.27
524.8100000000559 6.69 0.34
525.3100000000559 7.68 0.21
525.7900000000373 6.94 0.35
530.3300000000745 7.78 0.27
530.410000000149 7.35 0.18
531.3300000000745 7.7 0.19
531.75 7.38 0.15
532.3900000001304 7.59 0.19
532.7800000002608 7.46 0.37
533.9000000003725 7.7 0.38
534.8000000002794 8.15 0.41
535.4000000003725 6.68 0.24
536.3600000003353 7.14 0.26
536.6500000003725 7.57 0.38
537.410000000149 7.25 0.35
537.7200000002049 7.86 0.39
538.410000000149 8.57 0.3
538.6000000000931 8.9 0.44
541.8700000001118 8.71 0.17
547.820000000298 8.52 0.17
550.0900000003166 8.76 0.07
554.3400000003166 8.95 0.22
554.6000000000931 7.72 0.39
555.0200000000186 8.39 0.09
556.3300000000745 8.63 0.22
557.3800000003539 8.59 0.22
558.1300000003539 8.25 0.09
558.3000000002794 9.49 0.29
558.6000000000931 8.01 0.4
559.5900000003166 8.34 0.42
560.3400000003166 8.99 0.3
560.5900000003166 8.79 0.44
560.8100000000559 8.99 0.18
561.6000000000931 8.38 0.42
561.8600000003353 9.36 0.23
562.3300000000745 8.63 0.19
563.320000000298 7.43 0.36
564.6100000003353 9.9 0.5
565.5900000003166 9.07 0.45
566.6000000000931 8.73 0.44
570.0200000000186 9.0 0.05
571.7299999999814 9.71 0.19
579.7200000002049 8.73 0.17
583.6000000000931 8.09 0.41
584.4000000003725 8.59 0.22
584.6000000000931 8.17 0.41
586.6100000003353 8.31 0.41
587.6100000003353 8.87 0.44
588.0100000002421 9.34 0.2
589.6100000003353 8.72 0.44
591.6000000000931 8.64 0.43
591.7299999999814 8.74 0.17
592.2900000000373 8.62 0.1
592.6000000000931 7.82 0.39
593.6300000003539 8.08 0.4
595.7700000000186 8.59 0.22
597.3500000000931 8.37 0.21
597.6000000000931 7.69 0.38
598.6000000000931 7.77 0.39
599.6000000000931 7.64 0.38
611.3400000003166 6.92 0.17
615.3300000000745 6.32 0.13
620.6200000001118 6.68 0.33
620.6500000003725 6.56 0.16
643.2200000002049 8.15 0.2
653.2099999999627 9.17 0.23
653.6000000000931 8.77 0.22
655.2099999999627 8.86 0.22
670.1900000004098 9.51 0.24
685.1300000003539 10.17 0.25
730.9900000002235 11.54 0.23
733.5900000003166 11.45 0.29
762.0 11.0 0.55
770.0 11.45 0.57
771.0 11.51 0.58
772.0 11.74 0.59
784.910000000149 11.81 0.24
790.0 12.57 0.63
790.5800000000745 11.58 0.67
792.9900000002235 11.88 0.59
794.0 12.25 0.61
794.8900000001304 12.35 0.25
795.0 12.12 0.61
795.9900000002235 12.24 0.61
797.0 12.02 0.6
798.0 12.21 0.27
799.0 12.84 0.64
800.9900000002235 12.73 0.64
802.9799999999814 12.48 0.62
821.4900000002235 11.1 0.37
822.4500000001863 11.89 0.29
822.9900000002235 11.71 0.59
823.4900000002235 11.04 0.64
824.0 11.42 0.57
824.4400000004098 11.68 0.19
824.5300000002608 11.51 0.29
826.8500000000931 13.63 0.68
827.8300000000745 13.49 0.67
828.9300000001676 12.25 0.61
829.5200000000186 12.46 0.5
829.9799999999814 12.58 0.63
830.5100000002421 12.39 0.35
830.9900000002235 12.66 0.63
831.8000000002794 12.88 0.26
831.9700000002049 12.77 0.64
832.5100000002421 13.17 0.31
832.5600000000559 12.81 0.32
832.9599999999627 13.3 0.67
833.9599999999627 13.52 0.68
841.8500000000931 13.49 0.27
848.8100000000559 12.9 0.64
849.9300000001676 12.97 0.65
859.8800000003539 13.29 0.67
861.4500000001863 12.19 0.31
862.3800000003539 12.22 0.31
862.8600000003353 12.67 0.63
864.4300000001676 11.9 0.26
880.4500000001863 14.98 0.38
882.8400000003166 15.46 0.31
886.3800000003539 14.92 0.29
886.8100000000559 15.2 0.76
887.8400000003166 16.11 0.81
888.7800000002608 14.83 0.74
889.820000000298 15.03 0.75
890.4200000003912 15.26 0.61
891.8300000000745 15.62 0.78
892.4900000002235 15.64 0.39
892.7700000000186 15.79 0.79
893.8400000003166 16.02 0.8
894.2400000002235 15.31 0.89
896.3800000003539 16.4 0.95
897.5 15.4 0.89
905.7200000002049 15.64 0.78
907.7000000001863 16.82 0.84
911.7600000002421 17.46 0.35
915.3300000000745 16.2 0.26
917.5900000003166 17.36 0.87
918.6700000003912 17.16 0.86
919.4400000004098 16.47 0.15
919.6000000000931 16.65 0.83
920.6000000000931 16.61 0.83
921.6200000001118 16.94 0.85
922.3000000002794 16.43 0.45
922.4000000003725 16.7 0.42
922.6300000003539 17.09 0.86
936.2000000001863 13.91 0.27
936.7000000001863 13.93 0.7
936.7099999999627 14.27 0.28
937.320000000298 14.05 0.11
937.660000000149 14.16 0.71
938.2900000000373 14.19 0.35
938.3500000000931 14.4 0.29
938.3600000003353 14.36 0.57
938.4400000004098 14.67 0.37
938.75 14.01 0.7
938.8600000003353 14.34 0.36
939.2299999999814 14.33 0.28
939.3300000000745 13.89 0.35
939.3500000000931 14.41 0.29
939.8000000002794 13.6 0.68
940.2400000002235 14.33 0.25
940.3500000000931 13.89 0.28
940.7600000002421 13.6 0.68
941.1900000004098 14.07 0.28
941.660000000149 14.11 0.71
942.6400000001304 14.01 0.7
943.3100000000559 15.13 0.4
943.4000000003725 13.81 0.4
943.6400000001304 14.75 0.74
944.6100000003353 13.7 0.69
945.2900000000373 14.74 0.41
945.6000000000931 13.25 0.66
946.3600000003353 12.91 0.75
946.6100000003353 12.66 0.63
947.2800000002608 12.91 0.75
947.6300000003539 13.5 0.68
948.2400000002235 12.77 0.26
948.3900000001304 13.17 0.13
948.6400000001304 12.87 0.64
949.2900000000373 12.86 0.22
949.320000000298 12.86 0.05
949.6300000003539 12.91 0.64
950.2800000002608 12.63 0.32
950.3300000000745 12.79 0.09
950.3500000000931 12.12 0.83
950.410000000149 12.96 0.32
950.6100000003353 12.82 0.64
951.1800000001676 12.79 0.26
951.3500000000931 13.43 0.3
951.410000000149 13.14 0.33
951.6200000001118 12.59 0.63
952.1900000004098 12.46 0.25
952.3500000000931 12.29 0.17
952.6000000000931 12.09 0.6
953.1900000004098 12.68 0.25
953.3600000003353 14.03 0.98
954.2000000001863 12.52 0.25
962.1700000003912 12.36 0.25
962.3500000000931 13.13 0.47
963.1800000001676 13.05 0.26
964.1800000001676 13.94 0.27
964.7299999999814 12.7 0.61
965.1900000004098 13.28 0.26
965.6100000003353 13.5 0.68
966.2700000000186 12.93 0.38
966.5900000003166 13.38 0.67
967.1800000001676 12.89 0.26
967.3300000000745 11.95 0.72
967.6300000003539 12.48 0.6
968.1800000001676 12.61 0.25
968.6100000003353 13.8 0.69
969.1800000001676 12.59 0.25
969.2700000000186 12.94 0.32
969.3100000000559 13.26 0.49
969.6000000000931 13.1 0.65
970.1700000003912 12.42 0.25
971.1800000001676 12.31 0.25
971.320000000298 11.93 0.36
971.6500000003725 12.88 0.64
973.2700000000186 12.42 0.37
973.2800000002608 12.15 0.07
973.7400000002235 12.89 0.32
974.1900000004098 12.46 0.25
974.2900000000373 12.79 0.07
974.5900000003166 13.17 0.66
976.5900000003166 13.01 0.65
976.6500000003725 12.64 0.61
977.5900000003166 12.94 0.65
977.660000000149 13.13 0.63
978.1700000003912 13.11 0.26
978.5900000003166 13.01 0.65
979.1700000003912 13.03 0.26
980.2900000000373 12.99 0.32
981.160000000149 12.86 0.26
982.1300000003539 11.98 0.24
986.2000000001863 11.95 0.05
991.2299999999814 11.68 0.13
996.25 13.78 0.34
1008.2099999999627 13.1 0.38
1008.2400000002235 14.26 0.36
1012.6500000003725 12.71 0.32
1023.570000000298 15.76 0.79
1030.2000000001863 15.44 0.39
1033.5900000003166 14.8 0.37
1041.160000000149 15.52 0.39
1097.9900000002235 12.17 0.33
1098.9799999999814 12.13 0.33
1119.5300000002608 11.84 0.28
1126.0100000002421 13.01 0.65
1131.5300000002608 11.61 0.18
1132.0 12.48 0.62
1132.5900000003166 10.97 0.23
1141.9300000001676 10.82 0.29
1142.9000000003725 11.65 0.31
1143.9900000002235 12.54 0.63
1144.9799999999814 11.09 0.56
1145.0400000000373 11.34 0.28
1146.0100000002421 11.49 0.57
1147.9400000004098 11.17 0.54
1148.0 11.14 0.56
1148.9599999999627 11.43 0.55
1149.0100000002421 12.02 0.6
1150.0 10.67 0.53
1151.0100000002421 11.69 0.58
1152.0100000002421 10.55 0.53
1152.9900000002235 10.83 0.54
1153.5300000002608 10.98 0.23
1153.970000000205 10.43 0.52
1155.0100000002421 11.09 0.56
1156.4900000002235 12.0 0.66
1156.9799999999814 12.28 0.61
1159.5100000002421 12.64 0.69
1160.5 10.2 0.03
1171.9400000004098 11.88 0.59
1172.9900000002235 12.21 0.61
1175.5800000000745 12.38 0.31
1175.9500000001863 12.27 0.61
1177.4799999999814 13.71 0.4
1177.9400000004098 12.31 0.31
1178.970000000205 12.12 0.61
1179.970000000205 11.65 0.58
1181.0100000002421 12.81 0.64
1183.0 12.96 0.65
1184.0 12.26 0.61
1186.0 12.57 0.63
1187.0 11.86 0.59
1188.8600000003353 11.45 0.57
1189.0200000000186 11.37 0.28
1202.970000000205 12.74 0.64
1203.9799999999814 12.42 0.62
1204.9200000003912 12.01 0.6
1205.9599999999627 13.91 0.7
1206.0 12.77 0.32
1208.9200000003912 13.97 0.67
1215.9599999999627 13.3 0.67
1216.970000000205 12.99 0.65
1217.4799999999814 12.27 0.23
1217.9599999999627 13.14 0.66
1218.4000000003725 13.07 0.76
1221.410000000149 13.62 0.27
1223.8900000001304 12.96 0.35
1232.4000000003725 13.9 0.31
1232.4400000004098 13.2 0.12
1233.410000000149 13.42 0.26
1233.75 13.54 0.68
1234.410000000149 13.08 0.33
1234.8500000000931 13.96 0.7
1235.4799999999814 13.52 0.74
1235.880000000354 13.68 0.68
1236.9300000001676 14.26 0.71
1237.410000000149 14.45 0.36
1237.9500000001863 15.77 0.79
1238.4000000003725 13.23 0.26
1239.8900000001304 15.53 0.78
1240.4300000001676 14.49 0.35
1240.8000000002794 15.04 0.75
1241.470000000205 14.21 0.37
1241.7800000002608 14.79 0.74
1242.8600000003353 14.71 0.74
1243.4300000001676 14.08 0.37
1243.9000000003725 15.23 0.76
1244.8900000001304 15.18 0.76
1246.8000000002794 15.6 0.78
1247.7900000000373 15.76 0.79
1248.9599999999627 15.0 0.38
1250.4200000003912 15.57 0.3
1251.3300000000745 15.29 0.21
1262.4000000003725 13.28 0.35
1264.3900000001304 13.09 0.23
1265.380000000354 13.77 0.34
1266.7900000000373 13.96 0.38
1274.0800000000745 11.37 0.76
1275.3400000003166 14.11 0.35
1278.3500000000931 14.46 0.36
1292.3400000003166 11.99 0.59
1292.3600000003353 12.3 0.03
1295.320000000298 11.16 0.31
1298.3600000003353 11.02 0.61
1300.3000000002794 11.23 0.62
1301.2400000002235 11.58 0.32
1301.2900000000373 11.13 0.34
1302.2900000000373 11.63 0.64
1302.3600000003353 10.31 0.34
1303.320000000298 10.91 0.31
1304.3000000002794 11.09 0.28
1305.2000000001863 11.28 0.23
1306.1800000001676 11.4 0.23
1307.2000000001863 10.31 0.22
1307.2299999999814 11.94 0.31
1308.3000000002794 10.25 0.41
1310.2299999999814 10.78 0.22
1317.1700000003912 10.2 0.22
1318.1700000003912 10.84 0.23
1319.1700000003912 10.56 0.22
1320.1800000001676 11.45 0.24
1323.2900000000373 10.76 0.27
1324.1700000003912 9.86 0.21
1324.320000000298 11.37 0.12
1324.75 10.97 0.27
1326.2700000000186 10.37 0.33
1328.1700000003912 10.56 0.22
1330.160000000149 10.69 0.22
1330.220000000205 10.56 0.18
1331.1800000001676 10.43 0.22
1331.2800000002608 10.07 0.32
1332.1500000003725 11.53 0.24
1332.220000000205 10.69 0.62
1332.2800000002608 10.49 0.26
1333.160000000149 9.84 0.21
1333.7000000001863 10.06 0.25
1335.160000000149 10.61 0.22
1336.160000000149 11.12 0.23
1337.1500000003725 10.1 0.21
1346.1500000003725 8.87 0.19
1347.1500000003725 8.22 0.18
1348.1400000001304 8.68 0.19
1349.1400000001304 9.07 0.2
1350.1400000001304 9.75 0.21
1352.1200000001118 8.95 0.2
1353.130000000354 7.96 0.18
1355.2000000001863 8.59 0.47
1356.130000000354 9.06 0.2
1356.3000000002794 8.89 0.22
1358.1200000001118 8.38 0.19
1359.1200000001118 8.47 0.19
1360.25 8.95 0.3
1363.6800000001676 8.69 0.22
1364.2400000002235 8.81 0.3
1364.2600000002421 9.38 0.23
1381.2000000001863 10.49 0.26
1382.2099999999627 10.02 0.25
1387.6000000000931 9.37 0.23
1412.1500000003725 11.33 0.28
1473.5900000003166 11.73 0.29
1504.5900000003166 10.16 0.25
1506.5900000003166 8.53 0.2
1508.5600000000559 8.85 0.14
1509.570000000298 8.85 0.43
1510.5300000002608 9.34 0.76
1513.5900000003166 8.93 0.22
1526.9000000003725 7.86 0.38
1527.8600000003353 9.88 0.47
1533.470000000205 8.38 0.35
1539.5600000000559 8.18 0.17
1540.4599999999627 6.37 0.31
1542.5400000000373 7.38 0.18
1543.5300000002608 7.59 0.3
1544.4200000003912 7.16 0.7
1544.4599999999627 8.4 0.65
1544.470000000205 8.51 0.21
1545.4599999999627 9.17 0.71
1556.8400000003166 6.57 0.31
1557.7900000000373 6.78 0.32
1559.3500000000931 7.65 0.27
1562.5100000002421 6.68 0.17
1567.4000000003725 7.58 0.3
1573.5100000002421 7.47 0.24
1574.5 7.78 0.97
1575.3600000003353 6.54 0.29
1588.910000000149 7.06 0.18
1590.3700000001118 7.44 0.7
1591.4599999999627 7.14 0.26
1596.380000000354 5.73 0.2
1597.3700000001118 6.7 0.2
1601.4300000001676 5.32 0.22
1615.3300000000745 6.36 0.11
1615.7800000002608 5.27 0.25
1616.2900000000373 6.79 0.39
1616.7600000002421 5.19 0.25
1625.3300000000745 5.78 0.2
1626.2600000002421 5.99 0.01
1632.3100000000559 6.21 0.48
1635.3100000000559 6.09 0.4
1642.2099999999627 6.04 0.47
1643.2600000002421 6.36 0.21
1645.7299999999814 5.57 0.27
1646.7800000002608 6.48 0.31
1647.410000000149 6.07 0.15
1662.3600000003353 7.01 0.17
1667.3100000000559 6.21 0.35
1673.3000000002794 4.9 0.11
1674.2099999999627 7.1 0.17
1675.2099999999627 6.18 0.15
1676.1700000003912 5.78 0.15
1676.2900000000373 4.89 0.22
1677.660000000149 5.61 0.27
1677.7299999999814 5.21 0.26
1678.1700000003912 5.66 0.14
1678.3000000002794 5.88 0.15
1679.1700000003912 5.9 0.15
1680.1700000003912 6.15 0.15
1681.1900000004098 6.88 0.16
1681.3000000002794 5.71 0.23
1684.1900000004098 6.36 0.16
1685.160000000149 6.33 0.15
1685.7400000002235 5.57 0.28
1686.160000000149 6.68 0.16
1686.3400000003166 6.34 0.16
1687.160000000149 6.45 0.16
1688.160000000149 6.28 0.15
1688.3500000000931 6.79 0.17
1689.160000000149 6.87 0.16
1689.2700000000186 5.72 0.17
1690.160000000149 7.37 0.17
1690.6000000000931 6.74 0.34
1692.2700000000186 6.47 0.22
1706.1700000003912 7.17 0.17
1706.2700000000186 7.17 0.26
1706.3000000002794 7.44 0.19
1707.2700000000186 6.8 0.36
1708.2299999999814 7.36 0.13
1709.130000000354 7.45 0.17
1709.220000000205 7.21 0.16
1709.2900000000373 7.82 0.19
1710.130000000354 7.47 0.17
1710.220000000205 6.79 0.52
1711.1400000001304 8.4 0.19
1711.25 7.26 0.56
1712.1400000001304 7.8 0.18
1712.220000000205 6.31 0.49
1716.2700000000186 6.83 0.17
1719.3000000002794 6.92 0.17
1721.2099999999627 6.28 0.21
1724.2299999999814 6.7 0.36
1737.2400000002235 8.24 0.21
1745.2299999999814 8.1 0.2
1747.220000000205 7.74 0.19
1834.5900000003166 8.0 0.2
1856.0400000000373 8.24 0.21
1858.5600000000559 6.88 0.35
1858.6000000000931 8.18 0.2
1868.5900000003166 6.14 0.23
1875.5300000002608 8.24 0.29
1882.5400000000373 7.78 0.28
1882.5900000003166 7.33 0.18
1886.9500000001863 7.18 0.36
1889.4799999999814 7.58 0.31
1890.0 7.0 0.35
1891.470000000205 7.5 0.27
1894.5100000002421 6.39 0.54
1897.5500000002794 7.45 0.27
1900.4400000004098 5.72 0.49
1906.4000000003725 7.01 0.26
1909.470000000205 7.3 0.27
1913.4400000004098 5.48 0.47
1914.4400000004098 6.63 0.25
1915.9599999999627 7.3 0.37
1916.9900000002235 6.21 0.31
1917.9799999999814 6.25 0.31
1925.5 7.38 0.19
1935.3900000001304 6.62 0.25
1937.8100000000559 6.49 0.31
1942.4000000003725 6.19 0.25
1955.5300000002608 6.89 0.17
1956.4000000003725 6.02 0.24
1966.3500000000931 5.86 0.24
1969.3100000000559 5.66 0.48
1985.9500000001863 5.95 0.15
1986.4200000003912 5.44 0.14
1990.7299999999814 5.18 0.25
1997.7700000000186 5.49 0.26
1999.8000000002794 5.4 0.26
2001.9400000004098 5.99 0.15
2004.2700000000186 6.23 0.3
2004.4300000001676 5.68 0.14
2005.410000000149 6.51 0.25
2007.7600000002421 6.02 0.3
2009.5900000003166 5.08 0.25
2010.2700000000186 5.85 0.14
2014.6400000001304 7.6 0.38
2016.630000000354 7.13 0.36
2027.320000000298 6.71 0.42
2030.720000000205 6.38 0.31
2031.6800000001676 7.18 0.34
2032.3600000003353 7.11 0.18
2034.660000000149 6.3 0.31
2035.320000000298 7.43 0.38
2038.3600000003353 7.42 0.45
2039.220000000205 7.01 0.26
2040.3300000000745 8.18 0.49
2042.320000000298 8.18 0.45
2042.3500000000931 7.4 0.19
2043.630000000354 8.07 0.4
2057.310000000056 8.01 0.46
2057.6200000001118 7.5 0.38
2058.310000000056 7.94 0.39
2058.320000000298 7.71 0.19
2059.220000000205 8.08 0.47
2060.2299999999814 7.42 0.27
2060.3000000002794 8.53 0.28
2061.260000000242 8.12 0.28
2062.2099999999627 7.63 0.27
2063.2099999999627 7.42 0.27
2064.220000000205 7.44 0.27
2064.3000000002794 8.21 0.51
2065.220000000205 7.45 0.27
2066.220000000205 7.42 0.27
2068.2900000000373 8.22 0.7
2069.2099999999627 7.41 0.43
2070.2800000002608 7.79 0.66
2071.6100000003353 7.41 0.37
2073.2800000002608 7.6 0.65
2088.2400000002235 7.74 0.49
2090.220000000205 7.5 0.27
2091.19000000041 6.65 0.25
2093.260000000242 7.26 0.18
2094.2700000000186 7.17 0.39
2096.19000000041 6.85 0.26
2103.2299999999814 7.72 0.19
2130.1800000001676 7.66 0.19
2220.570000000298 6.78 0.32
