0.0 9.56 0.19
4.550000000279397 8.78 0.23
8.03000000026077 8.96 0.31
8.959999999962747 9.02 0.18
16.97000000020489 9.19 0.18
20.550000000279397 8.33 0.22
25.040000000037253 8.22 0.29
29.950000000186265 7.27 0.2
30.950000000186265 7.04 0.2
33.950000000186265 6.92 0.19
35.950000000186265 6.93 0.19
36.950000000186265 6.55 0.18
42.950000000186265 6.69 0.13
49.93000000016764 6.3 0.13
50.950000000186265 6.15 0.17
51.950000000186265 5.8 0.16
52.950000000186265 6.38 0.18
54.0500000002794 6.58 0.18
57.87000000011176 6.32 0.13
57.950000000186265 6.57 0.18
59.950000000186265 6.84 0.19
60.950000000186265 6.11 0.17
62.950000000186265 6.5 0.18
63.950000000186265 6.46 0.18
64.95000000018626 6.36 0.18
65.95000000018626 6.31 0.18
66.95000000018626 6.61 0.19
67.95000000018626 6.64 0.19
74.91000000014901 7.44 0.15
78.86000000033528 7.6 0.15
79.95000000018626 7.07 0.2
80.85000000009313 7.31 0.2
81.95000000018626 7.6 0.21
83.95000000018626 7.88 0.16
84.95000000018626 7.58 0.21
85.95000000018626 7.99 0.22
86.95000000018626 7.8 0.22
87.95000000018626 8.08 0.23
88.95000000018626 8.07 0.23
89.95000000018626 7.48 0.21
90.85000000009313 7.66 0.21
91.45000000018626 7.62 0.2
92.82000000029802 8.04 0.16
92.95000000018626 8.17 0.23
98.85000000009313 7.97 0.16
105.82000000029802 7.15 0.14
109.5500000002794 7.2 0.36
111.45000000018626 6.57 0.17
112.45000000018626 6.89 0.18
117.45000000018626 6.94 0.18
120.79000000003725 7.39 0.15
123.89000000013039 7.6 0.21
124.8000000002794 7.67 0.15
124.94000000040978 7.35 0.21
125.94000000040978 7.4 0.21
126.93000000016764 7.48 0.21
131.82000000029802 8.04 0.16
140.94000000040978 8.15 0.23
141.81000000005588 7.93 0.16
141.93000000016764 7.87 0.22
144.35000000009313 7.93 0.21
144.94000000040978 8.09 0.23
145.93000000016764 8.33 0.23
146.94000000040978 8.25 0.23
147.8000000002794 8.5 0.17
147.93000000016764 8.52 0.24
148.93000000016764 8.38 0.23
149.94000000040978 8.59 0.24
154.79000000003725 8.95 0.18
154.90000000037253 8.8 0.25
155.79000000003725 8.91 0.25
156.35000000009313 8.77 0.23
157.25 8.7 0.23
162.82000000029802 8.95 0.18
168.45000000018626 8.75 0.23
168.81000000005588 8.92 0.25
168.82000000029802 8.7 0.17
169.35000000009313 8.82 0.23
169.81000000005588 8.5 0.24
171.35000000009313 8.78 0.23
174.5800000000745 8.53 0.24
175.5800000000745 8.7 0.24
176.5800000000745 8.88 0.25
176.75 8.59 0.17
177.60000000009313 8.24 0.23
178.61000000033528 8.62 0.24
179.60000000009313 8.51 0.24
180.35000000009313 8.53 0.22
181.59000000031665 8.12 0.23
182.35000000009313 8.45 0.22
182.59000000031665 8.35 0.23
183.8000000002794 8.32 0.17
186.59000000031665 7.92 0.22
187.59000000031665 8.19 0.23
189.79000000003725 7.87 0.16
196.59000000031665 7.59 0.21
197.79000000003725 7.44 0.15
198.59000000031665 7.19 0.2
201.35000000009313 7.37 0.19
203.35000000009313 7.6 0.2
203.65000000037253 7.53 0.21
204.79000000003725 7.3 0.15
206.68000000016764 7.55 0.21
207.60000000009313 8.03 0.22
208.60000000009313 7.03 0.2
209.60000000009313 7.54 0.21
209.7200000002049 7.35 0.15
210.60000000009313 7.62 0.21
211.60000000009313 7.51 0.21
212.45000000018626 7.54 0.2
212.60000000009313 7.27 0.2
212.85000000009313 7.77 0.27
213.61000000033528 7.42 0.21
214.35000000009313 7.5 0.19
214.60000000009313 8.0 0.22
215.60000000009313 7.59 0.21
218.70999999996275 7.96 0.16
226.61000000033528 8.58 0.24
229.72999999998137 8.95 0.18
232.35000000009313 8.19 0.21
233.35000000009313 8.46 0.22
236.60000000009313 8.56 0.24
236.69000000040978 7.77 0.16
237.61000000033528 8.19 0.23
238.60000000009313 8.57 0.24
239.61000000033528 8.68 0.24
240.35000000009313 8.58 0.22
240.61000000033528 8.81 0.25
241.35000000009313 8.89 0.23
242.35000000009313 8.76 0.23
243.60000000009313 9.36 0.26
244.60000000009313 9.17 0.26
245.6300000003539 8.8 0.25
261.65000000037253 10.23 0.36
271.25 8.92 0.23
292.5500000002794 9.19 0.32
295.15000000037253 9.09 0.24
300.15000000037253 9.24 0.24
306.5500000002794 8.29 0.17
314.5500000002794 9.4 0.19
317.5500000002794 9.59 0.34
318.15000000037253 8.94 0.23
328.15000000037253 9.02 0.23
329.15000000037253 8.84 0.23
390.5500000002794 9.71 0.24
392.9799999999814 9.53 0.19
406.9900000002235 9.03 0.24
413.9900000002235 9.78 0.26
414.9900000002235 9.59 0.26
420.9900000002235 9.4 0.25
435.90000000037253 8.87 0.18
436.0 9.15 0.25
437.0 9.3 0.25
438.0 9.18 0.25
438.5800000000745 8.83 0.22
438.9900000002235 8.44 0.23
441.8600000003353 8.57 0.23
441.95999999996275 8.58 0.17
442.9900000002235 8.35 0.22
446.93000000016764 7.68 0.21
449.87000000011176 7.29 0.15
450.0 7.99 0.22
451.51000000024214 7.64 0.19
455.90000000037253 7.13 0.14
462.8100000000559 7.35 0.15
465.51000000024214 6.85 0.17
465.9400000004098 6.44 0.17
470.8300000000745 7.17 0.14
475.79000000003725 5.9 0.16
476.8300000000745 6.29 0.13
476.8600000003353 6.2 0.17
477.7400000002235 6.38 0.17
478.5 6.64 0.17
483.820000000298 6.26 0.12
490.8300000000745 6.04 0.12
503.28000000026077 6.92 0.35
504.7299999999814 7.84 0.21
505.79000000003725 7.59 0.2
505.87000000011176 7.08 0.14
506.7700000000186 7.39 0.2
507.7200000002049 7.2 0.19
508.8000000002794 7.08 0.19
509.2700000000186 7.14 0.36
511.4799999999814 7.28 0.18
523.8100000000559 6.75 0.18
524.8100000000559 6.71 0.18
525.7900000000373 6.68 0.18
530.410000000149 6.69 0.17
531.3300000000745 6.35 0.16
531.75 6.97 0.14
532.3900000001304 6.7 0.17
532.7800000002608 6.32 0.17
533.9000000003725 6.52 0.18
534.8000000002794 6.63 0.18
536.6500000003725 6.53 0.18
537.7200000002049 6.25 0.17
538.6000000000931 6.23 0.17
541.8700000001118 6.39 0.13
547.820000000298 6.65 0.13
554.3400000003166 7.06 0.18
554.6000000000931 6.86 0.19
556.3300000000745 7.16 0.18
557.3800000003539 6.88 0.17
558.6000000000931 7.02 0.19
559.5900000003166 7.18 0.19
560.5900000003166 7.2 0.19
560.8100000000559 6.91 0.14
561.6000000000931 6.86 0.19
561.8600000003353 7.03 0.25
564.6100000003353 7.1 0.19
565.5900000003166 7.18 0.19
566.6000000000931 7.67 0.21
571.7299999999814 7.43 0.15
579.7200000002049 7.72 0.15
583.6000000000931 8.19 0.22
584.4000000003725 8.07 0.2
584.6000000000931 7.94 0.21
586.6100000003353 8.37 0.23
587.6100000003353 8.26 0.22
589.6100000003353 8.26 0.22
591.6000000000931 8.16 0.22
591.7299999999814 7.47 0.15
592.6000000000931 7.78 0.21
593.6300000003539 8.31 0.22
595.7700000000186 7.85 0.28
597.3500000000931 7.83 0.2
597.6000000000931 7.8 0.21
598.6000000000931 7.51 0.2
599.6000000000931 8.0 0.22
611.3400000003166 7.07 0.18
615.3300000000745 6.37 0.16
620.6200000001118 6.51 0.18
620.6500000003725 5.89 0.21
643.2200000002049 6.21 0.16
653.2099999999627 6.82 0.17
653.6000000000931 6.57 0.23
655.2099999999627 6.82 0.17
670.1900000004098 7.73 0.19
685.1300000003539 7.57 0.19
730.9900000002235 8.55 0.17
733.5900000003166 8.88 0.22
762.0 8.85 0.24
770.0 8.43 0.23
771.0 8.58 0.23
772.0 8.82 0.24
784.910000000149 8.05 0.16
790.0 8.29 0.22
790.5800000000745 8.61 0.43
792.9900000002235 8.56 0.23
794.0 8.56 0.23
794.8900000001304 8.26 0.17
795.0 8.39 0.23
795.9900000002235 8.39 0.23
797.0 8.9 0.24
798.0 8.55 0.18
799.0 8.73 0.24
800.9900000002235 8.65 0.23
802.9799999999814 8.87 0.24
822.9900000002235 9.69 0.26
823.4900000002235 9.82 0.49
824.0 9.58 0.26
824.5300000002608 9.6 0.24
826.8500000000931 10.11 0.27
827.8300000000745 10.34 0.28
828.9300000001676 9.33 0.25
829.9799999999814 9.26 0.25
830.9900000002235 9.04 0.24
831.8000000002794 8.93 0.18
831.9700000002049 9.46 0.25
832.5600000000559 9.56 0.24
832.9599999999627 9.02 0.24
833.9599999999627 9.22 0.25
841.8500000000931 9.03 0.18
848.8100000000559 9.82 0.26
849.9300000001676 9.99 0.27
859.8800000003539 9.84 0.27
861.4500000001863 10.13 0.25
862.3800000003539 9.96 0.25
862.8600000003353 9.95 0.27
880.4500000001863 10.16 0.25
882.8400000003166 9.42 0.19
886.8100000000559 9.72 0.26
887.8400000003166 10.03 0.27
888.7800000002608 10.16 0.27
889.820000000298 9.93 0.27
890.4200000003912 9.84 0.39
891.8300000000745 10.24 0.28
892.4900000002235 10.62 0.27
892.7700000000186 10.31 0.28
893.8400000003166 10.52 0.28
894.2400000002235 9.98 0.5
896.3800000003539 9.6 0.48
897.5 10.73 0.54
905.7200000002049 10.71 0.29
907.7000000001863 11.22 0.3
911.7600000002421 10.33 0.21
917.5900000003166 11.1 0.3
918.6700000003912 10.78 0.29
919.6000000000931 10.8 0.29
920.6000000000931 10.71 0.29
921.6200000001118 10.98 0.3
922.4000000003725 11.01 0.28
922.6300000003539 11.18 0.3
936.7000000001863 11.73 0.32
936.7099999999627 11.6 0.23
937.660000000149 11.47 0.31
938.2900000000373 11.83 0.3
938.3500000000931 11.52 0.29
938.3600000003353 11.23 0.45
938.4400000004098 11.52 0.29
938.75 11.3 0.31
938.8600000003353 11.56 0.4
939.3300000000745 11.47 0.29
939.3500000000931 11.54 0.29
939.8000000002794 11.3 0.31
940.2400000002235 12.06 0.48
940.3500000000931 11.7 0.29
940.7600000002421 11.42 0.31
941.660000000149 11.59 0.31
942.6400000001304 11.46 0.31
943.6400000001304 11.7 0.32
944.6100000003353 11.7 0.32
945.6000000000931 10.94 0.29
946.3600000003353 11.4 0.57
946.6100000003353 11.11 0.3
947.2800000002608 11.21 0.56
947.6300000003539 11.76 0.32
948.6400000001304 11.37 0.31
949.6300000003539 11.32 0.31
950.2800000002608 11.48 0.29
950.410000000149 11.73 0.29
950.6100000003353 11.05 0.3
951.410000000149 11.91 0.3
951.6200000001118 11.16 0.3
952.6000000000931 11.04 0.3
964.7299999999814 10.09 0.2
965.6100000003353 10.11 0.27
966.5900000003166 10.26 0.28
967.6300000003539 10.41 0.21
968.6100000003353 10.97 0.3
969.2700000000186 10.68 0.27
969.6000000000931 10.69 0.29
971.6500000003725 10.81 0.29
973.7400000002235 10.32 0.36
974.5900000003166 11.08 0.3
976.5900000003166 10.48 0.28
976.6500000003725 10.36 0.21
977.5900000003166 10.61 0.29
977.660000000149 10.01 0.2
978.5900000003166 10.42 0.28
980.2900000000373 10.26 0.26
996.25 10.59 0.26
1008.2400000002235 10.16 0.25
1012.6500000003725 9.78 0.34
1023.570000000298 10.62 0.29
1030.2000000001863 10.45 0.26
1033.5900000003166 10.27 0.36
1041.160000000149 10.94 0.27
1097.9900000002235 9.72 0.37
1098.9799999999814 9.58 0.36
1126.0100000002421 9.05 0.24
1132.0 9.4 0.25
1141.9300000001676 9.14 0.35
1142.9000000003725 9.18 0.35
1143.9900000002235 9.14 0.25
1144.9799999999814 9.15 0.25
1145.0400000000373 8.9 0.31
1146.0100000002421 9.25 0.25
1147.9400000004098 9.0 0.18
1148.0 9.15 0.25
1148.9599999999627 8.98 0.18
1149.0100000002421 9.15 0.25
1150.0 9.13 0.25
1151.0100000002421 9.13 0.25
1152.0100000002421 9.55 0.26
1152.9900000002235 9.31 0.25
1153.970000000205 9.47 0.26
1155.0100000002421 9.36 0.25
1156.4900000002235 9.07 0.36
1156.9799999999814 9.23 0.25
1159.5100000002421 9.54 0.38
1171.9400000004098 8.94 0.24
1172.9900000002235 9.21 0.25
1175.5800000000745 8.81 0.22
1175.9500000001863 9.01 0.24
1177.9400000004098 9.33 0.33
1178.970000000205 8.86 0.24
1179.970000000205 9.1 0.25
1181.0100000002421 9.33 0.25
1183.0 8.8 0.24
1184.0 9.21 0.25
1186.0 9.04 0.24
1187.0 9.28 0.25
1188.8600000003353 9.25 0.25
1189.0200000000186 8.76 0.31
1202.970000000205 8.83 0.24
1203.9799999999814 8.96 0.24
1204.9200000003912 8.85 0.24
1205.9599999999627 9.38 0.25
1206.0 8.92 0.31
1208.9200000003912 8.98 0.18
1215.9599999999627 9.13 0.25
1216.970000000205 9.02 0.24
1217.9599999999627 9.7 0.26
1218.4000000003725 9.45 0.47
1223.8900000001304 9.07 0.34
1233.75 9.55 0.26
1234.410000000149 9.85 0.25
1234.8500000000931 9.97 0.27
1235.4799999999814 9.97 0.4
1235.880000000354 9.78 0.26
1236.9300000001676 9.88 0.27
1237.410000000149 9.81 0.25
1237.9500000001863 9.82 0.26
1239.8900000001304 10.1 0.27
1240.8000000002794 10.02 0.27
1241.7800000002608 10.24 0.28
1242.8600000003353 9.84 0.27
1243.9000000003725 9.85 0.27
1244.8900000001304 9.83 0.26
1246.8000000002794 9.94 0.27
1247.7900000000373 10.47 0.28
1248.9599999999627 9.97 0.35
1265.380000000354 11.32 0.28
1266.7900000000373 10.71 0.41
1275.3400000003166 10.31 0.26
1278.3500000000931 10.27 0.26
1298.3600000003353 9.96 0.4
1300.3000000002794 9.6 0.38
1302.2900000000373 9.63 0.38
1304.3000000002794 9.61 0.24
1323.2900000000373 9.61 0.24
1324.75 9.58 0.34
1332.220000000205 9.76 0.49
1332.2800000002608 9.38 0.23
1333.7000000001863 9.04 0.32
1355.2000000001863 8.73 0.35
1356.3000000002794 8.89 0.22
1363.6800000001676 7.54 0.26
1364.2600000002421 8.24 0.21
1381.2000000001863 8.12 0.2
1382.2099999999627 7.62 0.19
1387.6000000000931 7.65 0.27
1412.1500000003725 8.85 0.22
1473.5900000003166 9.07 0.23
1504.5900000003166 9.05 0.23
1513.5900000003166 8.8 0.22
1526.9000000003725 7.81 0.16
1527.8600000003353 7.42 0.15
1542.5400000000373 7.84 0.2
1544.4599999999627 7.45 0.41
1544.470000000205 7.61 0.19
1545.4599999999627 7.21 0.4
1556.8400000003166 6.11 0.12
1557.7900000000373 6.46 0.13
1588.910000000149 6.01 0.21
1615.7800000002608 5.56 0.11
1616.7600000002421 5.49 0.11
1632.3100000000559 5.66 0.31
1642.2099999999627 5.31 0.29
1645.7299999999814 5.24 0.1
1646.7800000002608 5.79 0.12
1647.410000000149 5.34 0.13
1662.3600000003353 4.89 0.12
1677.660000000149 5.09 0.1
1677.7299999999814 4.75 0.13
1678.3000000002794 4.7 0.12
1685.7400000002235 4.64 0.12
1686.3400000003166 4.82 0.12
1688.3500000000931 5.19 0.13
1690.6000000000931 4.9 0.13
1706.3000000002794 6.64 0.17
1709.2900000000373 6.27 0.16
1710.220000000205 6.75 0.37
1711.25 6.66 0.37
1712.220000000205 6.49 0.36
1716.2700000000186 6.27 0.16
1719.3000000002794 5.98 0.15
1737.2400000002235 5.87 0.15
1745.2299999999814 6.65 0.17
1747.220000000205 6.3 0.16
1834.5900000003166 5.61 0.14
1856.0400000000373 6.54 0.23
1858.6000000000931 6.95 0.17
1882.5900000003166 6.88 0.17
1886.9500000001863 6.86 0.19
1890.0 6.51 0.18
1894.5100000002421 6.02 0.52
1900.4400000004098 6.07 0.52
1913.4400000004098 6.39 0.55
1915.9599999999627 6.41 0.17
1916.9900000002235 5.6 0.15
1917.9799999999814 5.72 0.15
1925.5 5.65 0.14
1937.8100000000559 5.44 0.11
1955.5300000002608 4.74 0.12
1969.3100000000559 4.51 0.39
1985.9500000001863 3.73 0.13
1986.4200000003912 3.45 0.09
1990.7299999999814 3.51 0.07
1997.7700000000186 3.43 0.07
1999.8000000002794 3.34 0.07
2001.9400000004098 3.45 0.12
2004.4300000001676 3.55 0.09
2007.7600000002421 3.89 0.1
2009.5900000003166 2.98 0.08
2014.6400000001304 5.05 0.14
2016.630000000354 4.59 0.12
2030.720000000205 4.48 0.09
2031.6800000001676 4.4 0.09
2032.3600000003353 4.41 0.11
2034.660000000149 5.03 0.14
2042.3500000000931 5.23 0.13
2043.630000000354 5.75 0.16
2057.310000000056 6.25 0.31
2057.6200000001118 5.43 0.15
2058.320000000298 5.85 0.15
2059.220000000205 6.41 0.32
2068.2900000000373 6.52 0.56
2069.2099999999627 6.32 0.32
2070.2800000002608 5.51 0.47
2071.6100000003353 6.0 0.16
2073.2800000002608 6.0 0.52
2093.260000000242 5.74 0.14
2103.2299999999814 5.49 0.14
2130.1800000001676 5.15 0.13
