56639.52180000022 3.6279 0.0448
56649.47500000009 3.6413 0.0845
56653.49729999993 3.8005 0.0631
56656.39419999998 3.9176 0.0425
56661.69859999977 3.9866 0.0764
56662.20420000004 3.9837 0.0412
56662.528400000185 3.871 0.0608
56663.69240000006 3.8051 0.065
56664.36959999986 3.9911 0.0999
56664.6734000002 4.2648 0.1149
56665.3459999999 4.0013 0.0764
56665.363799999934 4.1815 0.0561
56666.35250000004 4.3588 0.0582
56666.62770000007 4.5073 0.0691
56667.6146999998 4.3549 0.1041
56668.62850000011 4.1442 0.0762
56669.62710000016 4.2361 0.0999
56670.34299999988 4.0216 0.0729
56670.625200000126 4.2579 0.1029
56671.623800000176 4.1738 0.1011
56672.328699999955 4.2584 0.0557
56672.42180000013 4.1869 0.1239
56672.633499999996 4.3721 0.134
56673.62850000011 4.3904 0.1711
56674.2426 3.9613 0.1277
56674.62309999997 4.1611 0.1255
56675.615799999796 4.0972 0.0596
56676.39610000001 4.0519 0.1355
56676.622400000226 4.0533 0.053
56677.305300000124 3.9984 0.1348
56677.62699999986 3.9615 0.0761
56678.62490000017 3.9177 0.0769
56679.23810000019 3.8565 0.1385
56680.62410000013 3.7516 0.084
56681.744899999816 3.8162 0.1154
56682.31669999985 3.8259 0.1025
56682.90100000007 3.8271 0.0173
56683.321800000034 3.8306 0.1444
56683.63189999992 3.7133 0.072
56683.83169999998 3.8357 0.018
56684.41019999981 3.8444 0.1451
56684.625299999956 3.7665 0.085
56684.83669999987 3.8367 0.0179
56685.63370000012 3.826 0.0751
56686.2845999999 3.9015 0.103
56686.621999999974 3.7766 0.0789
56687.62130000023 3.8993 0.1209
56688.39069999987 3.962 0.1463
56690.78200000012 4.3125 0.0874
56691.29879999999 4.1595 0.0381
56691.381599999964 4.1952 0.1489
56692.78319999995 4.3398 0.0859
56693.62990000006 4.3226 0.0808
56694.4711000002 4.3938 0.0351
56694.61409999989 4.5263 0.1184
56695.505200000014 4.3622 0.0726
56696.49809999997 4.515 0.0323
56696.61909999978 4.6781 0.0751
56697.21710000001 4.5703 0.1352
56697.618300000206 4.778 0.1032
56698.35110000009 4.8663 0.0804
56698.61620000005 4.8417 0.0568
56699.25 4.813 0.1372
56699.607400000095 4.9971 0.0799
56700.31740000006 4.8411 0.096
56700.60580000002 4.9148 0.0612
56701.237499999814 4.667 0.0967
56701.42290000012 4.8781 0.0531
56701.620500000194 4.9174 0.108
56702.410300000105 4.8832 0.133
56702.632100000046 5.0128 0.1068
56703.63510000007 4.9426 0.0987
56704.641100000124 5.0045 0.1491
56706.6305999998 4.9923 0.0864
56707.248900000006 5.0479 0.0427
56707.64220000012 5.0611 0.0909
56708.25359999994 5.0835 0.112
56708.36500000022 5.0565 0.0344
56708.65929999994 4.9896 0.0676
56709.2966 5.0808 0.1108
56709.658999999985 4.7598 0.0873
56710.293500000145 4.997 0.0363
56710.395200000145 5.0918 0.1556
56710.63549999986 4.9579 0.0928
56712.32670000009 4.8899 0.0304
56712.71920000017 5.0055 0.0689
56713.645299999975 4.7388 0.0959
56714.21160000004 4.8167 0.1513
56714.70999999996 4.8272 0.0981
56715.637000000104 4.9266 0.0878
56716.24140000017 4.9554 0.1566
56716.62900000019 4.8983 0.1082
56718.211899999995 4.9746 0.1559
56719.31740000006 4.8848 0.0647
56720.64060000004 5.0094 0.0996
56721.20399999991 5.0739 0.1483
56721.64979999978 5.1037 0.085
56722.66490000021 4.844 0.0566
56723.20440000016 4.7714 0.1416
56723.64960000012 4.9634 0.1044
56724.69799999986 4.7438 0.0818
56725.26819999982 4.6736 0.1365
56725.63899999997 4.8893 0.1354
56725.683600000106 4.819 0.0201
56726.63870000001 4.8464 0.1198
56727.20690000011 4.8228 0.1396
56727.268800000194 4.8268 0.0749
56727.64419999998 4.8228 0.0991
56728.63860000018 4.828 0.0773
56729.6436999999 4.8507 0.0972
56730.625299999956 4.7561 0.0146
56730.632999999914 4.609 0.0819
56731.63899999997 4.7669 0.0819
56732.263300000224 4.6815 0.0781
56732.63609999977 4.8168 0.1049
56733.64190000016 4.6298 0.1445
56735.32679999992 4.4835 0.0351
56736.23260000022 4.4587 0.1024
56736.62350000022 4.4626 0.0977
56737.281299999915 4.3831 0.1467
56737.60300000012 4.1758 0.1544
56738.214600000065 4.3006 0.0312
56738.27380000008 4.3772 0.1048
56738.66000000015 4.2228 0.0855
56739.22779999999 4.2366 0.1465
56739.24640000006 4.094 0.065
56739.62639999995 4.1866 0.0176
56739.70559999999 4.2096 0.116
56740.26830000011 4.0529 0.0451
56740.72129999986 4.129 0.0993
56741.63959999988 4.2033 0.018
56741.65439999988 4.1765 0.1086
56742.29730000021 4.1572 0.1463
56742.66390000004 4.1049 0.0941
56744.20979999984 4.09 0.1432
56744.6568 4.1695 0.0844
56745.309900000226 4.1219 0.04
56745.65929999994 4.0467 0.0527
56746.31190000009 4.1761 0.0583
56746.65609999979 4.2236 0.0933
56747.27639999986 4.1972 0.1397
56747.30890000006 4.1571 0.0317
56747.683100000024 4.2352 0.1206
56748.2193 4.1971 0.1393
56748.299099999946 4.217 0.0323
56748.646600000095 4.1861 0.0946
56749.656200000085 4.2084 0.0877
56750.24990000017 4.3434 0.0346
56750.27479999978 4.3283 0.1418
56751.23320000013 4.2564 0.0394
56751.6512000002 4.1488 0.1355
56752.216099999845 4.0717 0.1373
56753.25080000004 4.1248 0.0958
56754.21089999983 4.0939 0.1343
56754.65530000022 4.0465 0.1025
56755.25499999989 4.2783 0.0448
56755.26189999981 4.1349 0.1343
56755.65049999999 4.2481 0.1099
56755.654800000135 4.085 0.0142
56756.2398000001 4.3266 0.0526
56756.66050000023 4.2221 0.0739
56757.32290000003 4.5079 0.0426
56757.32390000019 4.4005 0.1275
56758.23089999985 4.5706 0.0355
56758.64990000008 4.5511 0.0146
56760.650799999945 4.7219 0.0604
56761.283999999985 5.031 0.1309
56761.305900000036 4.9547 0.0729
56761.650799999945 4.8648 0.0855
56762.236699999776 5.1109 0.044
56762.64990000008 4.9338 0.2321
56763.25329999998 5.1611 0.0414
56764.224200000055 5.1356 0.1406
56764.30769999977 5.1199 0.0652
56764.66470000008 5.0424 0.0705
56765.22679999983 5.2167 0.1479
56765.25620000018 4.9115 0.0312
56765.643999999855 5.0732 0.2088
56766.218700000085 5.2068 0.1423
56768.64149999991 5.1781 0.1062
56769.2370000002 5.3782 0.1585
56769.621999999974 5.342 0.0768
56771.62160000019 5.2231 0.0534
56772.64999999991 5.2872 0.1257
56774.27080000006 5.3028 0.0483
56778.65870000003 5.2619 0.0226
56779.65519999992 5.108 0.0173
56780.66949999984 5.091 0.0154
56784.28849999979 4.8029 0.0419
56797.28599999985 4.4858 0.0522
