u 56683.5826 4.9925 0.1199
u 56684.5841 4.9352 0.1691
u 56687.5629 5.5462 0.1651
u 56688.5817 5.4414 0.1659
u 56689.7262 5.1923 0.1808
u 56692.6101 5.5268 0.1664
u 56693.5675 5.715  0.1759
u 56696.5921 6.159  0.1897
u 56698.5688 6.2398 0.1792
u 56701.5850 7.112  0.1725
u 56702.6263 6.8923 0.1277
u 56703.5900 6.7098 0.1341
u 56704.5850 6.7617 0.1354
u 56705.5836 6.6484 0.1301
u 56707.6069 7.0031 0.1374
u 56711.6076 6.8046 0.133
u 56715.6449 6.7906 0.1545
u 56717.6481 6.828  0.1561
u 56718.6593 6.7323 0.1278
u 56719.6249 6.9777 0.1162
u 56720.6890 6.6219 0.1986
u 56722.7522 6.5303 0.1224
u 56727.6055 6.8016 0.1401
u 56728.5986 6.6306 0.1479
u 56732.6940 6.2653 0.09
u 56733.6684 6.2775 0.0921
u 56735.6085 5.9914 0.1478
u 56736.5986 5.8588 0.1366
u 56741.6566 5.5668 0.1403
u 56744.6645 5.4715 0.1965
u 56748.5958 5.5945 0.1471
u 56749.6305 5.6089 0.1124
u 56757.6173 5.8547 0.1365
u 56758.6154 6.2346 0.1365
u 56762.6487 6.9355 0.1214
u 56763.6021 6.8286 0.1432
u 56764.6026 7.0205 0.1496
u 56770.6306 7.1807 0.1403
u 56772.6191 7.1205 0.1411
u 56773.6068 6.7775 0.1982
u 56774.6120 6.1298 0.1681
g 56639.5200 6.4602 0.0266
g 56649.4759 6.8878 0.1825
g 56653.4950 6.6852 0.0309
g 56656.3935 6.7003 0.0351
g 56664.3686 6.8831 0.0324
g 56665.3447 6.9423 0.0262
g 56666.3499 6.9519 0.0242
g 56672.3277 6.791  0.0366
g 56682.5931 6.5145 0.0532
g 56683.5833 6.5711 0.0344
g 56684.5849 6.6109 0.0515
g 56685.6361 6.6021 0.0353
g 56687.5636 6.8284 0.0529
g 56688.5831 6.5113 0.0485
g 56689.7276 6.7176 0.0471
g 56691.2974 7.1348 0.0321
g 56692.6115 7.1134 0.0658
g 56693.5689 7.1595 0.0475
g 56694.4700 7.2904 0.0337
g 56695.5040 7.3669 0.0275
g 56696.4971 7.4519 0.0282
g 56696.5935 7.5707 0.0513
g 56698.5702 7.4744 0.0478
g 56701.4219 7.7891 0.0394
g 56702.2529 7.9126 0.0299
g 56702.6249 7.9604 0.0334
g 56703.5887 7.8652 0.0407
g 56704.5837 8.0542 0.0377
g 56705.5822 8.0056 0.0355
g 56706.3056 8.0383 0.0349
g 56707.2483 8.1835 0.0341
g 56707.6055 8.1794 0.038
g 56708.3638 8.1793 0.025 
g 56710.2922 8.0061 0.0318
g 56711.2853 8.0097 0.036 
g 56711.6063 8.0195 0.0333
g 56712.3254 8.0342 0.0306
g 56713.8100 7.7618 0.0315
g 56715.6436 7.964  0.042
g 56717.6445 7.9574 0.0593
g 56718.6558 8.0432 0.0432
g 56719.3155 8.0096 0.0256
g 56719.6268 8.0089 0.0374
g 56720.6919 7.6506 0.0545
g 56727.2672 7.8227 0.0509
g 56727.6018 7.7362 0.0612
g 56728.5950 7.7366 0.0575
g 56732.6905 7.6016 0.0556
g 56733.6648 7.4999 0.0462
g 56735.3260 7.3635 0.0241
g 56735.6049 7.3366 0.0454
g 56736.5951 7.214  0.0509
g 56738.2138 7.1373 0.025 
g 56739.2456 7.1182 0.035 
g 56740.2676 7.0641 0.0352
g 56741.6531 7.0566 0.0507
g 56744.6674 7.0474 0.0496
g 56745.3115 6.9826 0.0265
g 56746.3065 7.0475 0.0269
g 56747.3078 7.1003 0.0311
g 56748.2979 7.0838 0.0309
g 56748.5922 7.0592 0.0504
g 56749.6208 7.1264 0.0347
g 56750.2485 7.0968 0.0234
g 56751.2319 7.0246 0.0266
g 56755.2536 6.8945 0.0268
g 56756.2382 6.9649 0.0344
g 56757.3218 7.2171 0.0358
g 56757.6137 7.3635 0.0505
g 56758.2301 7.4364 0.0255
g 56758.6117 7.5274 0.0518
g 56761.3075 7.8561 0.0503
g 56762.2357 7.9655 0.0336
g 56762.6451 7.9776 0.0831
g 56763.2525 8.0286 0.0303
g 56763.5985 7.9979 0.0554
g 56764.3061 7.9012 0.0454
g 56764.5991 7.9998 0.0522
g 56765.2552 8.066  0.0312
g 56770.6271 8.287  0.0508
g 56772.6155 8.2962 0.051
g 56773.6031 8.3991 0.0457
g 56774.2689 8.4533 0.0294
g 56784.2875 7.6354 0.0304
g 56797.2844 7.2579 0.0268
r 56682.5935 8.1803 0.042
r 56683.5838 8.4089 0.0454
r 56684.5854 8.4846 0.0546
r 56685.6365 8.3901 0.0718
r 56687.5641 8.4672 0.0444
r 56688.5836 8.3747 0.0384
r 56689.7280 8.3109 0.0503
r 56692.6120 8.7092 0.0461
r 56693.5694 8.9457 0.0467
r 56696.5939 9.0527 0.0525
r 56698.5706 9.086  0.0476
r 56701.5838 9.2025 0.0357
r 56702.6257 9.392  0.0395
r 56703.5894 9.3707 0.0381
r 56704.5844 9.4074 0.0406
r 56705.5830 9.5464 0.0716
r 56707.6062 9.5347 0.0389
r 56711.6070 9.5577 0.0327
r 56713.8107 9.5742 0.0387
r 56717.6465 9.5079 0.0619
r 56718.6577 9.4849 0.0485
r 56719.6287 9.5462 0.0373
r 56720.6943 9.5229 0.072
r 56727.6038 9.4699 0.0482
r 56728.5969 9.4723 0.0497
r 56732.6924 9.3542 0.0413
r 56733.6667 9.2542 0.0366
r 56735.6068 9.1631 0.0524
r 56736.5970 9.041  0.0491
r 56741.6550 8.9928 0.0545
r 56744.6693 8.8958 0.0533
r 56748.5941 8.9261 0.0568
r 56749.6227 8.9139 0.0375
r 56757.6156 9.034  0.0468
r 56758.6136 9.0433 0.0454
r 56762.6470 9.5683 0.0593
r 56763.6005 9.5061 0.0492
r 56764.6010 9.4828 0.0564
r 56770.6290 9.7476 0.0548
r 56772.6174 9.7799 0.0512
r 56773.6050 9.625  0.0837
r 56774.6168 9.8481 0.0457
i 56682.5940 6.4003 0.0316
i 56683.5992 6.3211 0.0344
i 56684.5858 6.5392 0.0365
i 56685.6657 6.5811 0.0343
i 56687.5645 6.494  0.0331
i 56689.7285 6.6348 0.035
i 56692.6124 6.6778 0.0317
i 56693.5698 6.8788 0.0341
i 56696.5944 6.8732 0.0365
i 56698.5711 7.0094 0.0349
i 56701.5842 7.0296 0.0226
i 56702.6264 7.1609 0.0417
i 56703.5902 7.1434 0.026
i 56704.5851 7.1504 0.0265
i 56705.5837 7.1469 0.0247
i 56706.6528 7.3566 0.0334
i 56707.6070 7.2957 0.0267
i 56713.8114 7.2302 0.0227
i 56715.6450 7.2482 0.028
i 56717.6484 7.2404 0.0372
i 56718.6595 7.2494 0.0392
i 56719.6306 7.2373 0.0241
i 56720.6958 7.2558 0.0309
i 56727.6058 7.1515 0.0303
i 56728.5988 7.1435 0.0334
i 56732.6943 7.1175 0.0192
i 56733.6686 7.0337 0.0207
i 56735.6087 6.9717 0.0332
i 56736.5989 6.9035 0.0318
i 56741.6569 6.8073 0.0336
i 56744.6712 6.7636 0.0326
i 56748.5960 6.7979 0.0351
i 56749.6246 6.798  0.0235
i 56757.6176 6.829  0.0305
i 56758.6157 6.9124 0.0305
i 56762.6485 7.1948 0.0387
i 56763.6024 7.2182 0.0326
i 56764.6029 7.2293 0.0349
i 56770.6309 7.3898 0.0342
i 56772.6193 7.3844 0.0329
i 56773.6070 7.4822 0.0282
z 56682.5945 5.7181 0.0297
z 56683.5997 5.7453 0.0306
z 56684.5863 5.7661 0.0318
z 56685.6661 5.8443 0.0303
z 56687.5650 6.0284 0.0302
z 56689.7290 5.8997 0.0341
z 56692.6130 6.0382 0.0308
z 56693.5704 6.1032 0.0331
z 56696.5949 6.1389 0.0354
z 56698.5716 6.2162 0.0334
z 56701.5848 6.3043 0.0235
z 56702.6274 6.3326 0.0313
z 56703.5912 6.3353 0.0259
z 56704.5861 6.338  0.0277
z 56705.5847 6.3542 0.024
z 56706.6537 6.3733 0.0249
z 56707.6079 6.3823 0.0262
z 56715.6460 6.3844 0.027
z 56717.6510 6.4082 0.0335
z 56718.6621 6.4118 0.0231
z 56719.6333 6.4169 0.0221
z 56720.6985 6.3683 0.0223
z 56722.7532 6.3967 0.0259
z 56727.6085 6.3723 0.0288
z 56728.6015 6.3546 0.0313
z 56732.6968 6.3341 0.0184
z 56733.6712 6.2977 0.02
z 56735.6113 6.2114 0.0316
z 56736.6015 6.1736 0.0289
z 56741.6595 6.1264 0.0307
z 56744.6738 6.0647 0.0293
z 56748.5987 6.0879 0.0327
z 56749.6272 6.1128 0.022
z 56757.6203 6.109  0.0287
z 56758.6184 6.1433 0.0269
z 56762.6515 6.4063 0.0261
z 56763.6050 6.4244 0.0309
z 56764.6055 6.4253 0.0312
z 56770.6335 6.4855 0.0301
z 56772.6219 6.5305 0.0301
z 56773.6097 6.532  0.0268
A5100 56639.52180000022 3.6279 0.0448
A5100 56649.47500000009 3.6413 0.0845
A5100 56653.49729999993 3.8005 0.0631
A5100 56656.39419999998 3.9176 0.0425
A5100 56661.69859999977 3.9866 0.0764
A5100 56662.20420000004 3.9837 0.0412
A5100 56662.528400000185 3.871 0.0608
A5100 56663.69240000006 3.8051 0.065
A5100 56664.36959999986 3.9911 0.0999
A5100 56664.6734000002 4.2648 0.1149
A5100 56665.3459999999 4.0013 0.0764
A5100 56665.363799999934 4.1815 0.0561
A5100 56666.35250000004 4.3588 0.0582
A5100 56666.62770000007 4.5073 0.0691
A5100 56667.6146999998 4.3549 0.1041
A5100 56668.62850000011 4.1442 0.0762
A5100 56669.62710000016 4.2361 0.0999
A5100 56670.34299999988 4.0216 0.0729
A5100 56670.625200000126 4.2579 0.1029
A5100 56671.623800000176 4.1738 0.1011
A5100 56672.328699999955 4.2584 0.0557
A5100 56672.42180000013 4.1869 0.1239
A5100 56672.633499999996 4.3721 0.134
A5100 56673.62850000011 4.3904 0.1711
A5100 56674.2426 3.9613 0.1277
A5100 56674.62309999997 4.1611 0.1255
A5100 56675.615799999796 4.0972 0.0596
A5100 56676.39610000001 4.0519 0.1355
A5100 56676.622400000226 4.0533 0.053
A5100 56677.305300000124 3.9984 0.1348
A5100 56677.62699999986 3.9615 0.0761
A5100 56678.62490000017 3.9177 0.0769
A5100 56679.23810000019 3.8565 0.1385
A5100 56680.62410000013 3.7516 0.084
A5100 56681.744899999816 3.8162 0.1154
A5100 56682.31669999985 3.8259 0.1025
A5100 56682.90100000007 3.8271 0.0173
A5100 56683.321800000034 3.8306 0.1444
A5100 56683.63189999992 3.7133 0.072
A5100 56683.83169999998 3.8357 0.018
A5100 56684.41019999981 3.8444 0.1451
A5100 56684.625299999956 3.7665 0.085
A5100 56684.83669999987 3.8367 0.0179
A5100 56685.63370000012 3.826 0.0751
A5100 56686.2845999999 3.9015 0.103
A5100 56686.621999999974 3.7766 0.0789
A5100 56687.62130000023 3.8993 0.1209
A5100 56688.39069999987 3.962 0.1463
A5100 56690.78200000012 4.3125 0.0874
A5100 56691.29879999999 4.1595 0.0381
A5100 56691.381599999964 4.1952 0.1489
A5100 56692.78319999995 4.3398 0.0859
A5100 56693.62990000006 4.3226 0.0808
A5100 56694.4711000002 4.3938 0.0351
A5100 56694.61409999989 4.5263 0.1184
A5100 56695.505200000014 4.3622 0.0726
A5100 56696.49809999997 4.515 0.0323
A5100 56696.61909999978 4.6781 0.0751
A5100 56697.21710000001 4.5703 0.1352
A5100 56697.618300000206 4.778 0.1032
A5100 56698.35110000009 4.8663 0.0804
A5100 56698.61620000005 4.8417 0.0568
A5100 56699.25 4.813 0.1372
A5100 56699.607400000095 4.9971 0.0799
A5100 56700.31740000006 4.8411 0.096
A5100 56700.60580000002 4.9148 0.0612
A5100 56701.237499999814 4.667 0.0967
A5100 56701.42290000012 4.8781 0.0531
A5100 56701.620500000194 4.9174 0.108
A5100 56702.410300000105 4.8832 0.133
A5100 56702.632100000046 5.0128 0.1068
A5100 56703.63510000007 4.9426 0.0987
A5100 56704.641100000124 5.0045 0.1491
A5100 56706.6305999998 4.9923 0.0864
A5100 56707.248900000006 5.0479 0.0427
A5100 56707.64220000012 5.0611 0.0909
A5100 56708.25359999994 5.0835 0.112
A5100 56708.36500000022 5.0565 0.0344
A5100 56708.65929999994 4.9896 0.0676
A5100 56709.2966 5.0808 0.1108
A5100 56709.658999999985 4.7598 0.0873
A5100 56710.293500000145 4.997 0.0363
A5100 56710.395200000145 5.0918 0.1556
A5100 56710.63549999986 4.9579 0.0928
A5100 56712.32670000009 4.8899 0.0304
A5100 56712.71920000017 5.0055 0.0689
A5100 56713.645299999975 4.7388 0.0959
A5100 56714.21160000004 4.8167 0.1513
A5100 56714.70999999996 4.8272 0.0981
A5100 56715.637000000104 4.9266 0.0878
A5100 56716.24140000017 4.9554 0.1566
A5100 56716.62900000019 4.8983 0.1082
A5100 56718.211899999995 4.9746 0.1559
A5100 56719.31740000006 4.8848 0.0647
A5100 56720.64060000004 5.0094 0.0996
A5100 56721.20399999991 5.0739 0.1483
A5100 56721.64979999978 5.1037 0.085
A5100 56722.66490000021 4.844 0.0566
A5100 56723.20440000016 4.7714 0.1416
A5100 56723.64960000012 4.9634 0.1044
A5100 56724.69799999986 4.7438 0.0818
A5100 56725.26819999982 4.6736 0.1365
A5100 56725.63899999997 4.8893 0.1354
A5100 56725.683600000106 4.819 0.0201
A5100 56726.63870000001 4.8464 0.1198
A5100 56727.20690000011 4.8228 0.1396
A5100 56727.268800000194 4.8268 0.0749
A5100 56727.64419999998 4.8228 0.0991
A5100 56728.63860000018 4.828 0.0773
A5100 56729.6436999999 4.8507 0.0972
A5100 56730.625299999956 4.7561 0.0146
A5100 56730.632999999914 4.609 0.0819
A5100 56731.63899999997 4.7669 0.0819
A5100 56732.263300000224 4.6815 0.0781
A5100 56732.63609999977 4.8168 0.1049
A5100 56733.64190000016 4.6298 0.1445
A5100 56735.32679999992 4.4835 0.0351
A5100 56736.23260000022 4.4587 0.1024
A5100 56736.62350000022 4.4626 0.0977
A5100 56737.281299999915 4.3831 0.1467
A5100 56737.60300000012 4.1758 0.1544
A5100 56738.214600000065 4.3006 0.0312
A5100 56738.27380000008 4.3772 0.1048
A5100 56738.66000000015 4.2228 0.0855
A5100 56739.22779999999 4.2366 0.1465
A5100 56739.24640000006 4.094 0.065
A5100 56739.62639999995 4.1866 0.0176
A5100 56739.70559999999 4.2096 0.116
A5100 56740.26830000011 4.0529 0.0451
A5100 56740.72129999986 4.129 0.0993
A5100 56741.63959999988 4.2033 0.018
A5100 56741.65439999988 4.1765 0.1086
A5100 56742.29730000021 4.1572 0.1463
A5100 56742.66390000004 4.1049 0.0941
A5100 56744.20979999984 4.09 0.1432
A5100 56744.6568 4.1695 0.0844
A5100 56745.309900000226 4.1219 0.04
A5100 56745.65929999994 4.0467 0.0527
A5100 56746.31190000009 4.1761 0.0583
A5100 56746.65609999979 4.2236 0.0933
A5100 56747.27639999986 4.1972 0.1397
A5100 56747.30890000006 4.1571 0.0317
A5100 56747.683100000024 4.2352 0.1206
A5100 56748.2193 4.1971 0.1393
A5100 56748.299099999946 4.217 0.0323
A5100 56748.646600000095 4.1861 0.0946
A5100 56749.656200000085 4.2084 0.0877
A5100 56750.24990000017 4.3434 0.0346
A5100 56750.27479999978 4.3283 0.1418
A5100 56751.23320000013 4.2564 0.0394
A5100 56751.6512000002 4.1488 0.1355
A5100 56752.216099999845 4.0717 0.1373
A5100 56753.25080000004 4.1248 0.0958
A5100 56754.21089999983 4.0939 0.1343
A5100 56754.65530000022 4.0465 0.1025
A5100 56755.25499999989 4.2783 0.0448
A5100 56755.26189999981 4.1349 0.1343
A5100 56755.65049999999 4.2481 0.1099
A5100 56755.654800000135 4.085 0.0142
A5100 56756.2398000001 4.3266 0.0526
A5100 56756.66050000023 4.2221 0.0739
A5100 56757.32290000003 4.5079 0.0426
A5100 56757.32390000019 4.4005 0.1275
A5100 56758.23089999985 4.5706 0.0355
A5100 56758.64990000008 4.5511 0.0146
A5100 56760.650799999945 4.7219 0.0604
A5100 56761.283999999985 5.031 0.1309
A5100 56761.305900000036 4.9547 0.0729
A5100 56761.650799999945 4.8648 0.0855
A5100 56762.236699999776 5.1109 0.044
A5100 56762.64990000008 4.9338 0.2321
A5100 56763.25329999998 5.1611 0.0414
A5100 56764.224200000055 5.1356 0.1406
A5100 56764.30769999977 5.1199 0.0652
A5100 56764.66470000008 5.0424 0.0705
A5100 56765.22679999983 5.2167 0.1479
A5100 56765.25620000018 4.9115 0.0312
A5100 56765.643999999855 5.0732 0.2088
A5100 56766.218700000085 5.2068 0.1423
A5100 56768.64149999991 5.1781 0.1062
A5100 56769.2370000002 5.3782 0.1585
A5100 56769.621999999974 5.342 0.0768
A5100 56771.62160000019 5.2231 0.0534
A5100 56772.64999999991 5.2872 0.1257
A5100 56774.27080000006 5.3028 0.0483
A5100 56778.65870000003 5.2619 0.0226
A5100 56779.65519999992 5.108 0.0173
A5100 56780.66949999984 5.091 0.0154
A5100 56784.28849999979 4.8029 0.0419
A5100 56797.28599999985 4.4858 0.0522
